20580.0 99.3344
20578.0 99.3344
20571.0 99.3344
20568.0 99.3344
20574.0 99.3344
20570.0 99.3344
20569.0 99.3344
20571.0 99.3344
20562.0 99.3344
20565.0 99.3344
20560.0 99.3344
20566.0 99.3344
20560.0 99.3344
20551.0 99.3344
20549.0 99.3344
20542.0 99.3344
20546.0 99.3344
20546.0 99.3344
20546.0 99.3344
20544.0 99.3344
20543.0 99.3344
20532.0 99.3344
20539.0 99.3344
20532.0 99.3344
20532.0 99.3344
20535.0 99.3344
20536.0 99.3344
20537.0 99.3344
20534.0 99.3344
20528.0 99.3344
20594.0 113.8716
20898.0 113.8716
21209.0 99.3344
21507.0 84.6875
21811.0 54.87
22113.0 39.5064
22414.0 41.8999
22709.0 27.9333
23011.0 13.9666
23299.0 13.9666
23600.0 27.9333
23894.0 39.5064
24187.0 69.8891
24477.0 99.3344
24771.0 99.3344
25067.0 99.3344
25362.0 69.8891
25652.0 54.87
25936.0 39.5064
26227.0 41.8999
26519.0 27.9333
26791.0 13.9666
27089.0 27.9333
27365.0 23.5446
27651.0 54.87
27939.0 69.8891
28219.0 99.3344
28496.0 99.3344
28779.0 99.3344
29057.0 84.6875
29336.0 69.8891
29610.0 54.87
29886.0 39.5064
30164.0 27.9333
30437.0 13.9666
30710.0 13.9666
30980.0 27.9333
31252.0 23.5446
31523.0 54.87
31796.0 69.8891
32060.0 84.6875
32332.0 84.6875
32599.0 84.6875
32871.0 84.6875
33126.0 84.6875
33388.0 69.8891
33650.0 54.87
33916.0 39.5064
34182.0 27.9333
34438.0 27.9333
34696.0 13.9666
34954.0 13.9666
35206.0 27.9333
35466.0 41.8999
35715.0 39.5064
35967.0 54.87
36221.0 69.8891
36473.0 84.6875
36724.0 99.3344
36972.0 99.3344
37213.0 99.3344
37469.0 84.6875
37709.0 69.8891
37957.0 39.5064
38199.0 41.8999
38436.0 27.9333
38688.0 13.9666
38922.0 13.9666
39151.0 27.9333
39401.0 41.8999
39628.0 39.5064
39865.0 54.87
40103.0 69.8891
40336.0 84.6875
40566.0 99.3344
40797.0 99.3344
41031.0 99.3344
41255.0 99.3344
41487.0 69.8891
41716.0 54.87
41939.0 39.5064
42158.0 41.8999
42381.0 27.9333
42612.0 13.9666
42825.0 13.9666
43049.0 27.9333
43264.0 27.9333
43480.0 23.5446
43702.0 39.5064
43916.0 54.87
44134.0 69.8891
44349.0 99.3344
44550.0 99.3344
44763.0 113.8716
44976.0 99.3344
45184.0 99.3344
45388.0 84.6875
45601.0 54.87
45800.0 39.5064
46011.0 23.5446
46210.0 27.9333
46409.0 27.9333
46610.0 13.9666
46816.0 13.9666
47014.0 27.9333
47213.0 27.9333
47408.0 41.8999
47598.0 39.5064
47801.0 54.87
47986.0 69.8891
48180.0 84.6875
48372.0 99.3344
48562.0 99.3344
48755.0 99.3344
48945.0 99.3344
49130.0 84.6875
49316.0 69.8891
49500.0 54.87
49679.0 54.87
49872.0 39.5064
50048.0 41.8999
50222.0 27.9333
50406.0 27.9333
50591.0 13.9666
50766.0 13.9666
50941.0 27.9333
51115.0 27.9333
51286.0 41.8999
51462.0 39.5064
51632.0 54.87
51810.0 69.8891
51975.0 84.6875
52152.0 99.3344
52314.0 99.3344
52484.0 99.3344
52643.0 99.3344
52813.0 99.3344
52972.0 84.6875
53147.0 84.6875
53306.0 69.8891
53456.0 54.87
53627.0 54.87
53783.0 39.5064
53935.0 23.5446
54097.0 41.8999
54248.0 27.9333
54409.0 27.9333
54566.0 13.9666
54714.0 13.9666
54867.0 27.9333
55019.0 27.9333
55172.0 41.8999
55322.0 39.5064
55465.0 54.87
55617.0 54.87
55763.0 69.8891
55909.0 84.6875
56058.0 84.6875
56202.0 99.3344
56341.0 99.3344
56476.0 99.3344
56626.0 99.3344
56763.0 99.3344
56900.0 84.6875
57038.0 84.6875
57171.0 84.6875
57305.0 69.8891
57452.0 54.87
57582.0 54.87
57713.0 39.5064
57850.0 23.5446
57974.0 41.8999
58103.0 27.9333
58241.0 27.9333
58366.0 27.9333
58493.0 13.9666
58621.0 13.9666
58746.0 13.9666
58869.0 27.9333
58995.0 27.9333
59120.0 27.9333
59246.0 23.5446
59362.0 39.5064
59487.0 39.5064
59605.0 54.87
59730.0 54.87
59848.0 69.8891
59965.0 69.8891
60079.0 84.6875
60199.0 84.6875
60314.0 84.6875
60431.0 99.3344
60547.0 99.3344
60661.0 99.3344
60770.0 99.3344
60878.0 99.3344
60995.0 99.3344
61096.0 99.3344
61206.0 99.3344
61316.0 84.6875
61427.0 84.6875
61537.0 69.8891
61638.0 54.87
61745.0 54.87
61850.0 39.5064
61949.0 23.5446
62056.0 41.8999
62156.0 27.9333
62264.0 27.9333
62371.0 13.9666
62471.0 13.9666
62563.0 13.9666
62657.0 13.9666
62761.0 13.9666
62861.0 27.9333
62956.0 27.9333
63059.0 27.9333
63149.0 41.8999
63247.0 41.8999
63335.0 23.5446
63433.0 39.5064
63526.0 39.5064
63615.0 54.87
63709.0 54.87
63803.0 69.8891
63893.0 69.8891
63983.0 84.6875
64071.0 84.6875
64164.0 84.6875
64254.0 99.3344
64344.0 99.3344
64426.0 99.3344
64515.0 99.3344
64595.0 113.8716
64670.0 113.8716
64763.0 113.8716
64844.0 99.3344
64928.0 99.3344
65016.0 99.3344
65094.0 99.3344
65176.0 99.3344
65259.0 84.6875
65334.0 84.6875
65414.0 69.8891
65492.0 69.8891
65564.0 54.87
65645.0 54.87
65724.0 39.5064
65797.0 23.5446
65875.0 41.8999
65952.0 41.8999
66031.0 27.9333
66101.0 27.9333
66176.0 27.9333
66246.0 27.9333
66317.0 27.9333
66397.0 13.9666
66461.0 13.9666
66533.0 13.9666
66607.0 13.9666
66674.0 13.9666
66747.0 13.9666
66815.0 13.9666
66880.0 27.9333
66949.0 27.9333
67006.0 27.9333
67080.0 27.9333
67145.0 27.9333
67205.0 41.8999
67274.0 41.8999
67344.0 23.5446
67414.0 39.5064
67475.0 39.5064
67538.0 39.5064
67601.0 54.87
67663.0 54.87
67722.0 54.87
67777.0 69.8891
67845.0 69.8891
67909.0 69.8891
67970.0 84.6875
68026.0 84.6875
68086.0 84.6875
68148.0 99.3344
68204.0 99.3344
68263.0 99.3344
68319.0 99.3344
68383.0 113.8716
68433.0 113.8716
68482.0 113.8716
68550.0 113.8716
68613.0 113.8716
68665.0 94.4853
68716.0 113.8716
68775.0 113.8716
68824.0 113.8716
68878.0 99.3344
68934.0 99.3344
68983.0 99.3344
69036.0 99.3344
69088.0 84.6875
69145.0 84.6875
69190.0 84.6875
69242.0 84.6875
69297.0 69.8891
69343.0 69.8891
69394.0 69.8891
69440.0 54.87
69489.0 54.87
69533.0 54.87
69582.0 39.5064
69634.0 39.5064
69679.0 23.5446
69731.0 23.5446
69777.0 41.8999
69822.0 41.8999
69868.0 41.8999
69911.0 27.9333
69956.0 27.9333
70003.0 27.9333
70051.0 27.9333
70092.0 27.9333
70140.0 27.9333
70181.0 27.9333
70225.0 13.9666
70260.0 13.9666
70305.0 13.9666
70350.0 13.9666
70397.0 13.9666
70429.0 13.9666
70482.0 13.9666
70518.0 13.9666
70552.0 13.9666
70598.0 13.9666
70632.0 13.9666
70670.0 13.9666
70708.0 13.9666
70754.0 13.9666
70786.0 13.9666
70820.0 13.9666
70864.0 13.9666
70905.0 27.9333
70942.0 27.9333
70972.0 27.9333
71008.0 27.9333
71046.0 27.9333
71085.0 27.9333
71123.0 27.9333
71159.0 27.9333
71194.0 27.9333
71221.0 27.9333
71261.0 41.8999
71295.0 41.8999
71329.0 41.8999
71355.0 23.5446
71397.0 23.5446
71430.0 39.5064
71464.0 39.5064
71496.0 39.5064
71529.0 39.5064
71556.0 39.5064
71590.0 54.87
71617.0 54.87
71661.0 54.87
71686.0 54.87
71712.0 54.87
71744.0 54.87
71777.0 54.87
71810.0 69.8891
71838.0 69.8891
71872.0 69.8891
71899.0 69.8891
71929.0 84.6875
71962.0 84.6875
71991.0 84.6875
72021.0 84.6875
72047.0 84.6875
72067.0 99.3344
72101.0 99.3344
72124.0 99.3344
72159.0 99.3344
72188.0 99.3344
72214.0 99.3344
72231.0 99.3344
72261.0 99.3344
72284.0 113.8716
72314.0 113.8716
72343.0 113.8716
72367.0 113.8716
72389.0 113.8716
72421.0 113.8716
72442.0 113.8716
72471.0 94.4853
72497.0 94.4853
72519.0 113.8716
72544.0 113.8716
72574.0 113.8716
72594.0 113.8716
72612.0 113.8716
72634.0 113.8716
72657.0 113.8716
72690.0 113.8716
72704.0 113.8716
72731.0 113.8716
72749.0 113.8716
72771.0 99.3344
72802.0 99.3344
72814.0 99.3344
72841.0 99.3344
72856.0 99.3344
72883.0 99.3344
72904.0 99.3344
72929.0 99.3344
72952.0 99.3344
72966.0 99.3344
72988.0 99.3344
73014.0 84.6875
73032.0 84.6875
73052.0 84.6875
73073.0 84.6875
73093.0 84.6875
73108.0 84.6875
73132.0 84.6875
73151.0 84.6875
73163.0 84.6875
73191.0 84.6875
73202.0 84.6875
73224.0 69.8891
73240.0 69.8891
73266.0 69.8891
73281.0 69.8891
73298.0 69.8891
73314.0 69.8891
73333.0 69.8891
73347.0 69.8891
73363.0 69.8891
73379.0 69.8891
73402.0 69.8891
73418.0 69.8891
73433.0 69.8891
73450.0 54.87
73477.0 54.87
73487.0 54.87
73505.0 54.87
73525.0 54.87
73533.0 54.87
73552.0 54.87
73558.0 54.87
73580.0 54.87
73599.0 54.87
73613.0 39.5064
73634.0 39.5064
73639.0 39.5064
73658.0 39.5064
73674.0 39.5064
73685.0 39.5064
73694.0 39.5064
73717.0 39.5064
73728.0 39.5064
73750.0 39.5064
73761.0 39.5064
73772.0 39.5064
73791.0 39.5064
73803.0 39.5064
73816.0 39.5064
73830.0 39.5064
73839.0 39.5064
73860.0 23.5446
73869.0 23.5446
73881.0 23.5446
73895.0 23.5446
73906.0 23.5446
73923.0 23.5446
73938.0 23.5446
73953.0 23.5446
73960.0 23.5446
73972.0 23.5446
73984.0 23.5446
73989.0 23.5446
74012.0 41.8999
