21016.0 124.8261
21063.0 139.7781
21114.0 139.7781
21168.0 139.7781
21226.0 139.7781
21197.0 139.7781
21142.0 139.7781
21086.0 139.7781
20996.0 124.8261
20852.0 124.8261
20697.0 94.4853
20609.0 99.3344
20574.0 94.4853
20571.0 94.4853
20598.0 94.4853
20625.0 113.8716
20670.0 94.4853
20752.0 109.7401
20837.0 109.7401
20902.0 124.8261
20981.0 124.8261
21062.0 124.8261
21136.0 124.8261
21210.0 139.7781
21286.0 139.7781
21344.0 139.7781
21395.0 124.8261
21455.0 124.8261
21508.0 139.7781
21569.0 124.8261
21602.0 124.8261
21814.0 109.7401
22119.0 113.8716
22421.0 84.6875
22729.0 54.87
23024.0 23.5446
23323.0 27.9333
23621.0 41.8999
23916.0 39.5064
24216.0 69.8891
24513.0 99.3344
24807.0 109.7401
15559.0 139.7781
25401.0 139.7781
25686.0 124.8261
25974.0 109.7401
26272.0 69.8891
26554.0 54.87
26842.0 23.5446
27133.0 27.9333
27425.0 41.8999
27704.0 39.5064
27982.0 69.8891
28279.0 99.3344
28556.0 109.7401
28841.0 124.8261
29114.0 139.7781
29399.0 139.7781
29678.0 109.7401
29961.0 99.3344
30235.0 69.8891
30507.0 39.5064
30788.0 41.8999
31063.0 27.9333
31336.0 41.8999
31606.0 39.5064
31884.0 54.87
32153.0 84.6875
32420.0 94.4853
32683.0 124.8261
32953.0 139.7781
33218.0 139.7781
33484.0 139.7781
33748.0 109.7401
34014.0 113.8716
34278.0 84.6875
34533.0 54.87
34802.0 41.8999
35060.0 41.8999
35315.0 41.8999
35571.0 39.5064
35832.0 54.87
36084.0 84.6875
36336.0 94.4853
36594.0 124.8261
36841.0 139.7781
37094.0 139.7781
37337.0 139.7781
37593.0 109.7401
37836.0 113.8716
38085.0 84.6875
38327.0 54.87
38579.0 23.5446
38825.0 41.8999
39063.0 41.8999
39301.0 39.5064
39546.0 54.87
39782.0 69.8891
40018.0 99.3344
40261.0 109.7401
40500.0 124.8261
40724.0 139.7781
40968.0 154.6214
41196.0 139.7781
41427.0 124.8261
41658.0 109.7401
41887.0 99.3344
42113.0 84.6875
42338.0 54.87
42571.0 39.5064
42796.0 41.8999
43017.0 41.8999
43235.0 41.8999
43461.0 39.5064
43682.0 54.87
43900.0 69.8891
44117.0 99.3344
44337.0 109.7401
44547.0 124.8261
44764.0 139.7781
44978.0 154.6214
45186.0 154.6214
45401.0 139.7781
45618.0 124.8261
45823.0 109.7401
46028.0 99.3344
46247.0 69.8891
46439.0 54.87
46645.0 23.5446
46855.0 41.8999
47060.0 41.8999
47261.0 41.8999
47460.0 39.5064
47663.0 54.87
47860.0 69.8891
48049.0 99.3344
48251.0 109.7401
48452.0 124.8261
48643.0 139.7781
48830.0 154.6214
49026.0 154.6214
49224.0 154.6214
49413.0 139.7781
49598.0 124.8261
49782.0 109.7401
49972.0 99.3344
50160.0 84.6875
50338.0 54.87
50526.0 39.5064
50706.0 41.8999
50889.0 27.9333
51068.0 27.9333
51250.0 41.8999
51424.0 39.5064
51598.0 54.87
51777.0 69.8891
51948.0 99.3344
52125.0 94.4853
52301.0 124.8261
52472.0 124.8261
52639.0 139.7781
52808.0 154.6214
52982.0 154.6214
53148.0 154.6214
53317.0 139.7781
53487.0 124.8261
53648.0 109.7401
53810.0 113.8716
53968.0 84.6875
54132.0 69.8891
54303.0 54.87
54455.0 39.5064
54613.0 41.8999
54772.0 27.9333
54916.0 27.9333
55079.0 27.9333
55244.0 41.8999
55391.0 39.5064
55548.0 54.87
55695.0 69.8891
55843.0 84.6875
55993.0 94.4853
56145.0 109.7401
56288.0 124.8261
56441.0 139.7781
56587.0 154.6214
56725.0 139.7781
56873.0 154.6214
57019.0 139.7781
57152.0 139.7781
57302.0 139.7781
57443.0 124.8261
57582.0 109.7401
57720.0 113.8716
57847.0 99.3344
57996.0 84.6875
58128.0 69.8891
58257.0 54.87
58391.0 39.5064
58526.0 23.5446
58654.0 41.8999
58786.0 27.9333
58911.0 27.9333
59045.0 27.9333
59172.0 27.9333
59299.0 41.8999
59423.0 39.5064
59550.0 39.5064
59673.0 69.8891
59801.0 84.6875
59926.0 99.3344
60047.0 113.8716
60168.0 109.7401
60279.0 124.8261
60404.0 124.8261
60528.0 139.7781
60640.0 139.7781
60752.0 139.7781
60871.0 139.7781
60988.0 139.7781
61100.0 139.7781
61222.0 139.7781
61331.0 124.8261
61443.0 109.7401
61555.0 109.7401
61656.0 113.8716
61777.0 99.3344
61881.0 84.6875
61994.0 69.8891
62098.0 54.87
62201.0 39.5064
62312.0 39.5064
62409.0 23.5446
62523.0 41.8999
62622.0 41.8999
62729.0 27.9333
62826.0 27.9333
62928.0 27.9333
63031.0 27.9333
63125.0 41.8999
63225.0 41.8999
63328.0 23.5446
63421.0 39.5064
63522.0 39.5064
63617.0 54.87
63716.0 69.8891
63802.0 84.6875
63898.0 84.6875
63990.0 99.3344
64086.0 94.4853
64176.0 109.7401
64271.0 109.7401
64356.0 124.8261
64451.0 124.8261
64538.0 139.7781
64623.0 139.7781
64717.0 139.7781
64800.0 139.7781
64886.0 139.7781
64972.0 139.7781
65062.0 139.7781
65144.0 139.7781
65233.0 124.8261
65311.0 124.8261
65395.0 109.7401
65480.0 94.4853
65564.0 113.8716
65642.0 99.3344
65724.0 84.6875
65803.0 84.6875
65882.0 69.8891
65956.0 54.87
66030.0 54.87
66108.0 39.5064
66188.0 39.5064
66262.0 23.5446
66334.0 23.5446
66413.0 41.8999
66484.0 41.8999
66558.0 27.9333
66632.0 27.9333
66706.0 27.9333
66775.0 27.9333
66850.0 27.9333
66918.0 27.9333
66985.0 41.8999
67051.0 41.8999
67130.0 23.5446
67193.0 23.5446
67254.0 39.5064
67326.0 39.5064
67399.0 54.87
67462.0 54.87
67528.0 69.8891
67591.0 69.8891
67647.0 84.6875
67711.0 84.6875
67778.0 99.3344
67845.0 99.3344
67916.0 113.8716
67971.0 94.4853
68034.0 94.4853
68094.0 109.7401
68159.0 109.7401
68216.0 124.8261
68270.0 124.8261
68331.0 124.8261
68397.0 139.7781
68449.0 139.7781
68510.0 139.7781
68569.0 139.7781
68625.0 139.7781
68680.0 139.7781
68735.0 139.7781
68790.0 139.7781
68847.0 139.7781
68905.0 139.7781
68963.0 139.7781
69011.0 139.7781
69057.0 139.7781
69116.0 139.7781
69169.0 124.8261
69216.0 124.8261
69274.0 124.8261
69325.0 109.7401
69370.0 109.7401
69414.0 109.7401
69470.0 94.4853
69524.0 113.8716
69573.0 99.3344
69623.0 99.3344
69672.0 99.3344
69719.0 84.6875
69761.0 84.6875
69812.0 69.8891
69862.0 69.8891
69910.0 69.8891
69956.0 54.87
69992.0 54.87
70044.0 54.87
70085.0 39.5064
70142.0 39.5064
70182.0 39.5064
70222.0 39.5064
70275.0 23.5446
70307.0 23.5446
70355.0 41.8999
70393.0 41.8999
70443.0 41.8999
70481.0 41.8999
70516.0 27.9333
70559.0 27.9333
70604.0 27.9333
70639.0 27.9333
70692.0 27.9333
70732.0 27.9333
70768.0 27.9333
70799.0 27.9333
70843.0 27.9333
70883.0 27.9333
70920.0 27.9333
70962.0 27.9333
70997.0 27.9333
71038.0 27.9333
71072.0 27.9333
71111.0 41.8999
71147.0 41.8999
71187.0 41.8999
71220.0 41.8999
71253.0 23.5446
71292.0 23.5446
71325.0 23.5446
71358.0 23.5446
71397.0 23.5446
71430.0 23.5446
71461.0 39.5064
71494.0 39.5064
71535.0 39.5064
71566.0 39.5064
71596.0 54.87
71629.0 54.87
71662.0 54.87
71688.0 54.87
71721.0 69.8891
71757.0 69.8891
71792.0 69.8891
71823.0 84.6875
71849.0 84.6875
71877.0 84.6875
71917.0 84.6875
71941.0 84.6875
71976.0 84.6875
72000.0 99.3344
72028.0 99.3344
72058.0 99.3344
72086.0 99.3344
72113.0 113.8716
72146.0 113.8716
72174.0 94.4853
72203.0 94.4853
72229.0 109.7401
72246.0 109.7401
72282.0 109.7401
72303.0 124.8261
72329.0 124.8261
72361.0 124.8261
72379.0 124.8261
72411.0 124.8261
72437.0 124.8261
72461.0 139.7781
72487.0 139.7781
72512.0 139.7781
72535.0 139.7781
72565.0 139.7781
72587.0 139.7781
72615.0 139.7781
72639.0 139.7781
72671.0 139.7781
72692.0 139.7781
72711.0 139.7781
72731.0 139.7781
72754.0 139.7781
72784.0 139.7781
72804.0 139.7781
72828.0 139.7781
72849.0 139.7781
72866.0 139.7781
72889.0 139.7781
72908.0 139.7781
72934.0 139.7781
72959.0 139.7781
72981.0 139.7781
73002.0 139.7781
73025.0 139.7781
73042.0 139.7781
73066.0 139.7781
73090.0 139.7781
73099.0 139.7781
73120.0 139.7781
73139.0 139.7781
73163.0 139.7781
73182.0 139.7781
73204.0 139.7781
73224.0 139.7781
73240.0 139.7781
73259.0 139.7781
73279.0 124.8261
73298.0 124.8261
73317.0 124.8261
73335.0 124.8261
73355.0 124.8261
73370.0 124.8261
73388.0 124.8261
73407.0 124.8261
73427.0 109.7401
73447.0 124.8261
73464.0 109.7401
73480.0 109.7401
73493.0 109.7401
73518.0 109.7401
73528.0 109.7401
73547.0 109.7401
73561.0 109.7401
73579.0 109.7401
73594.0 109.7401
73608.0 109.7401
73624.0 109.7401
73641.0 109.7401
73658.0 109.7401
73669.0 94.4853
73685.0 113.8716
73704.0 113.8716
73719.0 113.8716
73734.0 113.8716
73752.0 113.8716
73765.0 99.3344
73781.0 99.3344
73797.0 99.3344
73808.0 99.3344
73826.0 99.3344
73835.0 99.3344
73849.0 99.3344
73871.0 99.3344
73887.0 99.3344
73889.0 99.3344
73901.0 113.8716
73915.0 99.3344
73931.0 99.3344
73947.0 99.3344
73957.0 99.3344
73970.0 99.3344
73985.0 99.3344
74003.0 99.3344
