22147.0 139.7781
22177.0 139.7781
22179.0 139.7781
22182.0 139.7781
22190.0 139.7781
22181.0 139.7781
22195.0 139.7781
22181.0 139.7781
22167.0 139.7781
22164.0 139.7781
22139.0 139.7781
22119.0 139.7781
22097.0 139.7781
22044.0 139.7781
22009.0 139.7781
21948.0 139.7781
21912.0 139.7781
21885.0 139.7781
21853.0 124.8261
21791.0 109.7401
21666.0 109.7401
21537.0 94.4853
21426.0 94.4853
21337.0 99.3344
21287.0 99.3344
21240.0 84.6875
21224.0 84.6875
21215.0 84.6875
21218.0 84.6875
21238.0 99.3344
21260.0 99.3344
21384.0 113.8716
21691.0 109.7401
22001.0 139.7781
22302.0 139.7781
22601.0 139.7781
22905.0 109.7401
23203.0 99.3344
23507.0 69.8891
23803.0 39.5064
24102.0 41.8999
24399.0 41.8999
24692.0 39.5064
24983.0 54.87
25278.0 84.6875
25570.0 109.7401
25864.0 139.7781
26150.0 139.7781
26443.0 124.8261
26734.0 109.7401
27019.0 99.3344
27316.0 69.8891
27601.0 39.5064
27884.0 27.9333
28167.0 41.8999
28450.0 23.5446
28736.0 54.87
29016.0 84.6875
29296.0 94.4853
29582.0 109.7401
29858.0 139.7781
30138.0 139.7781
30416.0 124.8261
30691.0 94.4853
30967.0 84.6875
31240.0 54.87
31514.0 23.5446
31785.0 41.8999
32062.0 41.8999
32327.0 23.5446
32592.0 54.87
32865.0 84.6875
33132.0 113.8716
33397.0 109.7401
33663.0 139.7781
33922.0 139.7781
34189.0 139.7781
34449.0 124.8261
34713.0 113.8716
34971.0 84.6875
35233.0 54.87
35496.0 23.5446
35748.0 41.8999
36004.0 41.8999
36261.0 23.5446
36507.0 39.5064
36762.0 69.8891
37010.0 99.3344
37265.0 94.4853
37515.0 124.8261
37764.0 139.7781
38016.0 139.7781
38265.0 139.7781
38506.0 124.8261
38751.0 113.8716
38994.0 84.6875
39236.0 54.87
39474.0 39.5064
39708.0 41.8999
39949.0 27.9333
40192.0 41.8999
40417.0 39.5064
40659.0 54.87
40894.0 84.6875
41130.0 113.8716
41355.0 109.7401
41591.0 139.7781
41825.0 139.7781
42050.0 139.7781
42279.0 124.8261
42515.0 109.7401
42730.0 99.3344
42961.0 69.8891
43176.0 54.87
43403.0 23.5446
43622.0 41.8999
43838.0 27.9333
44059.0 41.8999
44277.0 23.5446
44501.0 39.5064
44714.0 69.8891
44929.0 84.6875
45144.0 99.3344
45354.0 94.4853
45567.0 109.7401
45776.0 124.8261
45980.0 139.7781
46194.0 139.7781
46397.0 124.8261
46603.0 109.7401
46804.0 113.8716
47014.0 84.6875
47212.0 69.8891
47413.0 54.87
47611.0 39.5064
47812.0 41.8999
48010.0 27.9333
48211.0 41.8999
48398.0 23.5446
48601.0 54.87
48793.0 69.8891
48980.0 84.6875
49175.0 99.3344
49366.0 109.7401
49551.0 124.8261
49740.0 139.7781
49927.0 139.7781
50114.0 139.7781
50296.0 124.8261
50484.0 109.7401
50652.0 94.4853
50844.0 99.3344
51022.0 84.6875
51198.0 54.87
51382.0 39.5064
51562.0 39.5064
51738.0 41.8999
51909.0 27.9333
52079.0 27.9333
52258.0 41.8999
52426.0 23.5446
52596.0 39.5064
52766.0 54.87
52935.0 84.6875
53102.0 99.3344
53274.0 94.4853
53431.0 124.8261
53595.0 124.8261
53765.0 139.7781
53919.0 139.7781
54079.0 139.7781
54242.0 139.7781
54397.0 124.8261
54566.0 109.7401
54720.0 113.8716
54874.0 99.3344
55031.0 69.8891
55179.0 54.87
55342.0 39.5064
55490.0 23.5446
55646.0 41.8999
55797.0 27.9333
55943.0 27.9333
56089.0 41.8999
56235.0 23.5446
56387.0 39.5064
56529.0 54.87
56673.0 69.8891
56816.0 84.6875
56961.0 99.3344
57106.0 94.4853
57243.0 109.7401
57388.0 124.8261
57521.0 139.7781
57658.0 139.7781
57795.0 139.7781
57939.0 139.7781
58071.0 139.7781
58200.0 124.8261
58338.0 124.8261
58471.0 109.7401
58604.0 113.8716
58734.0 99.3344
58869.0 84.6875
58996.0 69.8891
59126.0 54.87
59254.0 39.5064
59379.0 23.5446
59499.0 41.8999
59623.0 41.8999
59751.0 27.9333
59868.0 27.9333
59998.0 41.8999
60117.0 41.8999
60244.0 23.5446
60361.0 39.5064
60482.0 54.87
60592.0 54.87
60713.0 69.8891
60832.0 84.6875
60945.0 99.3344
61060.0 94.4853
61176.0 109.7401
61287.0 124.8261
61401.0 124.8261
61509.0 139.7781
61624.0 139.7781
61730.0 154.6214
61845.0 154.6214
61951.0 139.7781
62059.0 139.7781
62158.0 124.8261
62266.0 124.8261
62374.0 124.8261
62476.0 109.7401
62580.0 94.4853
62685.0 113.8716
62789.0 99.3344
62894.0 84.6875
62992.0 69.8891
63087.0 69.8891
63187.0 54.87
63285.0 39.5064
63385.0 39.5064
63485.0 23.5446
63577.0 41.8999
63670.0 41.8999
63775.0 41.8999
63866.0 41.8999
63956.0 41.8999
64049.0 41.8999
64138.0 41.8999
64234.0 41.8999
64326.0 23.5446
64416.0 39.5064
64509.0 54.87
64595.0 54.87
64678.0 69.8891
64772.0 84.6875
64852.0 99.3344
64946.0 94.4853
65029.0 109.7401
65115.0 124.8261
65200.0 124.8261
65287.0 139.7781
65363.0 139.7781
65445.0 139.7781
65530.0 154.6214
65609.0 154.6214
65690.0 154.6214
65777.0 154.6214
65850.0 139.7781
65933.0 139.7781
66005.0 139.7781
66089.0 124.8261
66165.0 124.8261
66240.0 124.8261
66308.0 109.7401
66383.0 94.4853
66466.0 113.8716
66538.0 99.3344
66606.0 99.3344
66682.0 84.6875
66759.0 69.8891
66834.0 69.8891
66896.0 54.87
66973.0 39.5064
67039.0 39.5064
67109.0 39.5064
67174.0 23.5446
67244.0 23.5446
67324.0 23.5446
67387.0 41.8999
67446.0 41.8999
67510.0 41.8999
67580.0 41.8999
67645.0 41.8999
67708.0 41.8999
67776.0 41.8999
67840.0 41.8999
67901.0 41.8999
67971.0 41.8999
68028.0 23.5446
68090.0 39.5064
68155.0 23.5446
68209.0 39.5064
68268.0 39.5064
68334.0 54.87
68389.0 54.87
68450.0 69.8891
68511.0 69.8891
68566.0 84.6875
68621.0 99.3344
68672.0 99.3344
68731.0 84.6875
68792.0 84.6875
68852.0 69.8891
68906.0 94.4853
68968.0 139.7781
69011.0 154.6214
69072.0 154.6214
69127.0 139.7781
69179.0 154.6214
69234.0 139.7781
69285.0 154.6214
69336.0 154.6214
69388.0 154.6214
69438.0 154.6214
69486.0 154.6214
69542.0 154.6214
69595.0 154.6214
69639.0 154.6214
69686.0 154.6214
69740.0 154.6214
69789.0 139.7781
69835.0 139.7781
69884.0 139.7781
69925.0 139.7781
69976.0 124.8261
70019.0 124.8261
70067.0 124.8261
70117.0 124.8261
70160.0 124.8261
70206.0 109.7401
70256.0 109.7401
70298.0 109.7401
70342.0 109.7401
70385.0 94.4853
70432.0 94.4853
70473.0 113.8716
70512.0 99.3344
70551.0 99.3344
70592.0 84.6875
70639.0 84.6875
70682.0 84.6875
70723.0 69.8891
70766.0 69.8891
70803.0 69.8891
70842.0 54.87
70886.0 54.87
70917.0 54.87
70962.0 39.5064
70991.0 39.5064
71038.0 39.5064
71073.0 39.5064
71108.0 39.5064
71155.0 39.5064
71186.0 39.5064
71219.0 23.5446
71265.0 41.8999
71296.0 41.8999
71335.0 41.8999
71376.0 41.8999
71409.0 41.8999
71435.0 41.8999
71475.0 41.8999
71509.0 41.8999
71545.0 27.9333
71575.0 27.9333
71609.0 27.9333
71645.0 27.9333
71670.0 27.9333
71706.0 27.9333
71734.0 41.8999
71767.0 41.8999
71802.0 27.9333
71839.0 41.8999
71874.0 41.8999
71911.0 41.8999
71932.0 23.5446
71965.0 23.5446
71990.0 23.5446
72022.0 39.5064
72055.0 39.5064
72071.0 39.5064
72108.0 39.5064
72133.0 39.5064
72163.0 54.87
72192.0 54.87
72223.0 54.87
72252.0 54.87
72280.0 54.87
72308.0 54.87
72335.0 54.87
72350.0 54.87
72383.0 69.8891
72405.0 69.8891
72442.0 69.8891
72465.0 69.8891
72490.0 69.8891
72515.0 84.6875
72549.0 84.6875
72566.0 99.3344
72599.0 99.3344
72620.0 99.3344
72644.0 99.3344
72672.0 113.8716
72700.0 113.8716
72712.0 113.8716
72736.0 113.8716
72764.0 94.4853
72795.0 94.4853
72815.0 109.7401
72840.0 109.7401
72859.0 94.4853
72884.0 94.4853
72901.0 94.4853
72930.0 109.7401
72952.0 94.4853
72968.0 94.4853
72989.0 109.7401
73010.0 109.7401
73039.0 109.7401
73062.0 109.7401
73081.0 109.7401
73097.0 109.7401
73118.0 109.7401
73138.0 124.8261
73160.0 124.8261
73185.0 124.8261
73200.0 124.8261
73223.0 124.8261
73241.0 139.7781
73257.0 139.7781
73280.0 139.7781
73300.0 139.7781
73316.0 139.7781
73338.0 139.7781
73350.0 139.7781
73373.0 139.7781
73395.0 139.7781
73414.0 139.7781
73429.0 139.7781
73449.0 139.7781
73467.0 139.7781
73486.0 154.6214
73504.0 154.6214
73518.0 154.6214
73536.0 154.6214
73552.0 154.6214
73573.0 154.6214
73583.0 154.6214
73601.0 154.6214
73618.0 154.6214
73634.0 154.6214
73651.0 154.6214
73665.0 154.6214
73683.0 154.6214
73696.0 154.6214
73708.0 154.6214
73730.0 154.6214
73745.0 154.6214
73756.0 154.6214
73775.0 154.6214
73790.0 154.6214
73804.0 154.6214
73815.0 154.6214
73838.0 154.6214
73847.0 139.7781
73860.0 139.7781
73881.0 139.7781
73894.0 139.7781
73909.0 139.7781
73920.0 139.7781
73931.0 139.7781
73949.0 139.7781
73966.0 139.7781
73976.0 139.7781
73984.0 139.7781
73992.0 139.7781
74009.0 139.7781
