21315.0 39.5064
21309.0 39.5064
21311.0 39.5064
21309.0 39.5064
21305.0 39.5064
21306.0 39.5064
21307.0 39.5064
21305.0 39.5064
21303.0 39.5064
21300.0 39.5064
21298.0 39.5064
21305.0 39.5064
21298.0 39.5064
21303.0 39.5064
21302.0 39.5064
21299.0 39.5064
21304.0 39.5064
21305.0 39.5064
21311.0 54.87
21315.0 54.87
21313.0 39.5064
21311.0 39.5064
21305.0 39.5064
21312.0 39.5064
21303.0 54.87
21305.0 54.87
21300.0 54.87
21296.0 54.87
21297.0 39.5064
21307.0 39.5064
21529.0 41.8999
21835.0 27.9333
22126.0 13.9666
22432.0 27.9333
22724.0 39.5064
23022.0 84.6875
23316.0 109.7401
23624.0 139.7781
23908.0 154.6214
24200.0 139.7781
24492.0 124.8261
24790.0 113.8716
25081.0 84.6875
25368.0 39.5064
25656.0 27.9333
25946.0 27.9333
26237.0 27.9333
26515.0 23.5446
26809.0 69.8891
27096.0 99.3344
27378.0 109.7401
27663.0 139.7781
27942.0 139.7781
28221.0 139.7781
28500.0 124.8261
28780.0 113.8716
29054.0 84.6875
29339.0 39.5064
29614.0 41.8999
29887.0 27.9333
30164.0 27.9333
30435.0 41.8999
30708.0 54.87
30980.0 84.6875
31247.0 94.4853
31520.0 124.8261
31795.0 139.7781
32063.0 139.7781
32322.0 139.7781
32593.0 109.7401
32849.0 99.3344
33119.0 69.8891
33384.0 39.5064
33634.0 27.9333
33899.0 13.9666
34157.0 27.9333
34412.0 41.8999
34668.0 54.87
34936.0 84.6875
35187.0 113.8716
35440.0 109.7401
35691.0 139.7781
35942.0 139.7781
36194.0 139.7781
36441.0 124.8261
36688.0 113.8716
36933.0 84.6875
37187.0 54.87
37428.0 41.8999
37672.0 27.9333
37917.0 13.9666
38158.0 27.9333
38398.0 41.8999
38637.0 39.5064
38871.0 69.8891
39110.0 99.3344
39355.0 109.7401
39580.0 139.7781
39817.0 154.6214
40048.0 154.6214
40281.0 139.7781
40515.0 109.7401
40744.0 99.3344
40974.0 54.87
41200.0 39.5064
41420.0 27.9333
41650.0 27.9333
41879.0 27.9333
42104.0 27.9333
42320.0 41.8999
42545.0 39.5064
42758.0 69.8891
42977.0 99.3344
43196.0 109.7401
43415.0 139.7781
43629.0 139.7781
43847.0 154.6214
44057.0 139.7781
44271.0 124.8261
44483.0 94.4853
44693.0 99.3344
44901.0 69.8891
45108.0 39.5064
45313.0 41.8999
45513.0 27.9333
45721.0 27.9333
45922.0 27.9333
46122.0 27.9333
46324.0 23.5446
46519.0 54.87
46722.0 69.8891
46921.0 99.3344
47118.0 109.7401
47314.0 124.8261
47503.0 139.7781
47702.0 139.7781
47897.0 139.7781
48083.0 124.8261
48267.0 109.7401
48463.0 113.8716
48646.0 99.3344
48834.0 69.8891
49016.0 54.87
49215.0 39.5064
49391.0 41.8999
49571.0 27.9333
49756.0 27.9333
49938.0 27.9333
50110.0 27.9333
50287.0 41.8999
50468.0 39.5064
50640.0 69.8891
50823.0 84.6875
50993.0 113.8716
51166.0 109.7401
51342.0 124.8261
51516.0 139.7781
51682.0 139.7781
51854.0 139.7781
52018.0 139.7781
52188.0 124.8261
52351.0 109.7401
52521.0 94.4853
52679.0 99.3344
52846.0 84.6875
53004.0 69.8891
53171.0 39.5064
53329.0 41.8999
53486.0 27.9333
53646.0 27.9333
53804.0 27.9333
53955.0 27.9333
54114.0 27.9333
54269.0 23.5446
54415.0 54.87
54568.0 69.8891
54723.0 84.6875
54871.0 113.8716
55026.0 109.7401
55167.0 124.8261
55323.0 124.8261
55466.0 139.7781
55614.0 139.7781
55754.0 139.7781
55903.0 139.7781
56046.0 124.8261
56195.0 124.8261
56328.0 109.7401
56469.0 113.8716
56617.0 99.3344
56753.0 84.6875
56886.0 69.8891
57020.0 54.87
57156.0 39.5064
57287.0 41.8999
57424.0 27.9333
57557.0 27.9333
57691.0 13.9666
57820.0 27.9333
57958.0 27.9333
58088.0 41.8999
58210.0 23.5446
58337.0 39.5064
58466.0 54.87
58588.0 69.8891
58714.0 84.6875
58844.0 99.3344
58970.0 94.4853
59089.0 109.7401
59211.0 124.8261
59328.0 124.8261
59451.0 139.7781
59568.0 139.7781
59692.0 139.7781
59805.0 139.7781
59923.0 139.7781
60043.0 139.7781
60158.0 124.8261
60279.0 124.8261
60387.0 109.7401
60501.0 113.8716
60612.0 99.3344
60721.0 84.6875
60836.0 69.8891
60942.0 54.87
61050.0 39.5064
61159.0 41.8999
61271.0 27.9333
61376.0 27.9333
61482.0 27.9333
61582.0 13.9666
61700.0 13.9666
61793.0 27.9333
61902.0 27.9333
62004.0 27.9333
62101.0 41.8999
62204.0 23.5446
62310.0 39.5064
62403.0 54.87
62499.0 54.87
62603.0 69.8891
62703.0 84.6875
62794.0 99.3344
62892.0 99.3344
62990.0 113.8716
63082.0 109.7401
63178.0 109.7401
63271.0 124.8261
63360.0 124.8261
63457.0 139.7781
63549.0 139.7781
63640.0 139.7781
63735.0 139.7781
63821.0 154.6214
63905.0 154.6214
63999.0 154.6214
64092.0 139.7781
64171.0 139.7781
64257.0 124.8261
64343.0 109.7401
64431.0 94.4853
64508.0 99.3344
64599.0 99.3344
64676.0 84.6875
64774.0 69.8891
64846.0 54.87
64928.0 39.5064
65009.0 23.5446
65086.0 41.8999
65171.0 41.8999
65242.0 27.9333
65321.0 27.9333
65400.0 27.9333
65482.0 27.9333
65555.0 27.9333
65640.0 27.9333
65707.0 27.9333
65782.0 27.9333
65856.0 27.9333
65931.0 27.9333
65998.0 41.8999
66070.0 41.8999
66144.0 41.8999
66214.0 39.5064
66284.0 39.5064
66351.0 54.87
66425.0 54.87
66499.0 54.87
66566.0 54.87
66634.0 69.8891
66711.0 69.8891
66772.0 84.6875
66836.0 84.6875
66906.0 99.3344
66964.0 99.3344
67031.0 113.8716
67098.0 109.7401
67159.0 109.7401
67221.0 124.8261
67285.0 124.8261
67350.0 139.7781
67418.0 139.7781
67476.0 139.7781
67536.0 154.6214
67612.0 154.6214
67667.0 154.6214
67720.0 154.6214
67778.0 154.6214
67844.0 154.6214
67897.0 154.6214
67955.0 139.7781
68018.0 139.7781
68075.0 139.7781
68127.0 124.8261
68187.0 124.8261
68240.0 109.7401
68302.0 109.7401
68362.0 113.8716
68411.0 99.3344
68462.0 99.3344
68519.0 99.3344
68573.0 84.6875
68627.0 84.6875
68682.0 69.8891
68738.0 69.8891
68785.0 54.87
68839.0 54.87
68892.0 54.87
68939.0 39.5064
68991.0 39.5064
69040.0 39.5064
69094.0 23.5446
69143.0 41.8999
69192.0 41.8999
69242.0 41.8999
69285.0 27.9333
69339.0 27.9333
69388.0 27.9333
69433.0 27.9333
69484.0 27.9333
69521.0 27.9333
69574.0 27.9333
69616.0 27.9333
69667.0 27.9333
69711.0 27.9333
69753.0 27.9333
69797.0 27.9333
69854.0 27.9333
69885.0 27.9333
69930.0 27.9333
69975.0 27.9333
70018.0 27.9333
70056.0 27.9333
70099.0 27.9333
70142.0 41.8999
70180.0 41.8999
70223.0 41.8999
70262.0 41.8999
70302.0 23.5446
70342.0 39.5064
70388.0 39.5064
70428.0 39.5064
70461.0 39.5064
70499.0 54.87
70539.0 54.87
70577.0 54.87
70618.0 69.8891
70655.0 69.8891
70691.0 69.8891
70731.0 84.6875
70764.0 84.6875
70803.0 84.6875
70838.0 99.3344
70867.0 99.3344
70916.0 113.8716
70947.0 94.4853
70979.0 94.4853
71010.0 94.4853
71050.0 109.7401
71084.0 109.7401
71117.0 109.7401
71159.0 109.7401
71187.0 109.7401
71222.0 124.8261
71257.0 124.8261
71293.0 124.8261
71324.0 124.8261
71354.0 139.7781
71385.0 139.7781
71411.0 139.7781
71449.0 139.7781
71474.0 139.7781
71511.0 139.7781
71544.0 139.7781
71566.0 139.7781
71596.0 139.7781
71633.0 139.7781
71664.0 139.7781
71690.0 139.7781
71722.0 139.7781
71754.0 139.7781
71780.0 139.7781
71806.0 139.7781
71841.0 139.7781
71866.0 139.7781
71897.0 139.7781
71929.0 139.7781
71955.0 139.7781
71980.0 139.7781
72011.0 139.7781
72035.0 124.8261
72057.0 124.8261
72087.0 124.8261
72114.0 124.8261
72134.0 124.8261
72170.0 124.8261
72188.0 109.7401
72221.0 109.7401
72242.0 109.7401
72266.0 109.7401
72297.0 109.7401
72313.0 94.4853
72340.0 113.8716
72368.0 113.8716
72387.0 113.8716
72412.0 99.3344
72437.0 99.3344
72462.0 99.3344
72486.0 84.6875
72502.0 84.6875
72530.0 84.6875
72559.0 84.6875
72568.0 84.6875
72604.0 84.6875
72619.0 69.8891
72642.0 69.8891
72672.0 69.8891
72691.0 69.8891
72712.0 69.8891
72733.0 69.8891
72749.0 69.8891
72769.0 69.8891
72797.0 69.8891
72814.0 69.8891
72840.0 69.8891
72860.0 54.87
72881.0 54.87
72904.0 54.87
72914.0 39.5064
72946.0 39.5064
72955.0 39.5064
72972.0 39.5064
73001.0 39.5064
73016.0 39.5064
73041.0 39.5064
73050.0 39.5064
73080.0 39.5064
73087.0 39.5064
73112.0 39.5064
73125.0 39.5064
73142.0 39.5064
73163.0 23.5446
73185.0 23.5446
73199.0 23.5446
73218.0 41.8999
73240.0 41.8999
73254.0 41.8999
73273.0 41.8999
73286.0 41.8999
73307.0 41.8999
73322.0 41.8999
73341.0 41.8999
73356.0 41.8999
73372.0 41.8999
73384.0 41.8999
73402.0 41.8999
73421.0 41.8999
73438.0 41.8999
73459.0 41.8999
73469.0 41.8999
73487.0 27.9333
73505.0 27.9333
73518.0 27.9333
73528.0 27.9333
73540.0 27.9333
73564.0 27.9333
73583.0 27.9333
73583.0 27.9333
73606.0 27.9333
73627.0 27.9333
73637.0 27.9333
73643.0 27.9333
73660.0 27.9333
73672.0 27.9333
73695.0 27.9333
73701.0 27.9333
73716.0 27.9333
73737.0 27.9333
73744.0 27.9333
73753.0 27.9333
73777.0 27.9333
73789.0 27.9333
73794.0 27.9333
73811.0 27.9333
73822.0 27.9333
73835.0 27.9333
73850.0 27.9333
73857.0 27.9333
73870.0 27.9333
73890.0 27.9333
73895.0 27.9333
73904.0 27.9333
73919.0 27.9333
73937.0 27.9333
73951.0 27.9333
73961.0 27.9333
73970.0 27.9333
73986.0 27.9333
73990.0 27.9333
74007.0 27.9333
74018.0 27.9333
74025.0 27.9333
74043.0 27.9333
74052.0 27.9333
74064.0 27.9333
74070.0 27.9333
74080.0 27.9333
74089.0 27.9333
74104.0 27.9333
74111.0 27.9333
74126.0 27.9333
74139.0 27.9333
74147.0 27.9333
74159.0 27.9333
74159.0 27.9333
74175.0 27.9333
74182.0 27.9333
74197.0 27.9333
74206.0 27.9333
74213.0 27.9333
74222.0 27.9333
74234.0 27.9333
74247.0 27.9333
74260.0 27.9333
74273.0 27.9333
