23939.0 54.87
23928.0 69.8891
23949.0 54.87
23979.0 69.8891
23996.0 69.8891
24020.0 84.6875
24043.0 84.6875
24027.0 69.8891
24020.0 69.8891
24007.0 54.87
23970.0 54.87
23922.0 54.87
23897.0 54.87
23890.0 54.87
23890.0 54.87
23893.0 54.87
23910.0 39.5064
23919.0 54.87
23936.0 54.87
23466.0 41.8999
23095.0 27.9333
22867.0 27.9333
22849.0 27.9333
22895.0 27.9333
22952.0 27.9333
22997.0 27.9333
23042.0 27.9333
23101.0 27.9333
23170.0 27.9333
23396.0 27.9333
23707.0 23.5446
23998.0 54.87
24295.0 99.3344
24591.0 109.7401
24883.0 124.8261
25178.0 139.7781
25472.0 124.8261
25762.0 94.4853
26054.0 84.6875
26350.0 54.87
26633.0 41.8999
26921.0 27.9333
27207.0 27.9333
27492.0 27.9333
27772.0 39.5064
28061.0 84.6875
28347.0 94.4853
28627.0 124.8261
28912.0 124.8261
29189.0 139.7781
29475.0 124.8261
29747.0 94.4853
30036.0 84.6875
30304.0 54.87
30575.0 41.8999
30852.0 13.9666
31128.0 27.9333
31395.0 41.8999
31664.0 54.87
31937.0 84.6875
32202.0 94.4853
32482.0 124.8261
32749.0 139.7781
33005.0 139.7781
33273.0 139.7781
33548.0 94.4853
33803.0 84.6875
34072.0 54.87
34328.0 39.5064
34588.0 27.9333
34847.0 13.9666
35108.0 27.9333
35363.0 41.8999
35622.0 39.5064
35873.0 69.8891
36134.0 99.3344
36376.0 109.7401
36638.0 139.7781
36887.0 139.7781
37141.0 139.7781
37382.0 124.8261
37635.0 94.4853
37875.0 84.6875
38126.0 54.87
38370.0 41.8999
38620.0 27.9333
38858.0 13.9666
39098.0 27.9333
39335.0 41.8999
39579.0 39.5064
39819.0 69.8891
40055.0 99.3344
40286.0 109.7401
40524.0 124.8261
40757.0 139.7781
40987.0 139.7781
41217.0 124.8261
41446.0 109.7401
41685.0 99.3344
41906.0 69.8891
42132.0 39.5064
42362.0 41.8999
42591.0 27.9333
42811.0 13.9666
43035.0 27.9333
43251.0 27.9333
43469.0 39.5064
43694.0 54.87
43912.0 84.6875
44129.0 113.8716
44346.0 109.7401
44566.0 124.8261
44772.0 139.7781
44984.0 139.7781
45196.0 124.8261
45415.0 109.7401
45622.0 99.3344
45826.0 84.6875
46033.0 69.8891
46234.0 39.5064
46452.0 41.8999
46655.0 27.9333
46856.0 13.9666
47058.0 27.9333
47261.0 27.9333
47457.0 23.5446
47653.0 39.5064
47850.0 69.8891
48053.0 99.3344
48251.0 109.7401
48436.0 124.8261
48634.0 124.8261
48829.0 139.7781
49017.0 139.7781
49208.0 124.8261
49396.0 124.8261
49580.0 94.4853
49768.0 99.3344
49963.0 69.8891
50138.0 54.87
50326.0 39.5064
50510.0 27.9333
50687.0 27.9333
50871.0 13.9666
51045.0 13.9666
51226.0 27.9333
51408.0 41.8999
51586.0 39.5064
51752.0 69.8891
51931.0 84.6875
52104.0 99.3344
52271.0 94.4853
52443.0 109.7401
52612.0 124.8261
52776.0 139.7781
52951.0 139.7781
53115.0 124.8261
53282.0 124.8261
53445.0 109.7401
53611.0 113.8716
53774.0 84.6875
53932.0 69.8891
54099.0 54.87
54250.0 23.5446
54421.0 27.9333
54571.0 27.9333
54726.0 13.9666
54881.0 13.9666
55035.0 27.9333
55200.0 27.9333
55341.0 23.5446
55495.0 39.5064
55639.0 54.87
55791.0 69.8891
55941.0 99.3344
56090.0 113.8716
56240.0 109.7401
56382.0 109.7401
56530.0 124.8261
56673.0 124.8261
56821.0 139.7781
56959.0 139.7781
57107.0 124.8261
57237.0 124.8261
57382.0 109.7401
57520.0 94.4853
57656.0 99.3344
57794.0 84.6875
57926.0 69.8891
58062.0 39.5064
58196.0 23.5446
58331.0 27.9333
58464.0 27.9333
58591.0 13.9666
58723.0 13.9666
58857.0 13.9666
58986.0 27.9333
59106.0 27.9333
59230.0 41.8999
59352.0 23.5446
59482.0 39.5064
59608.0 54.87
59735.0 69.8891
59858.0 84.6875
59976.0 84.6875
60092.0 99.3344
60217.0 94.4853
60334.0 109.7401
60447.0 124.8261
60571.0 124.8261
60686.0 139.7781
60806.0 139.7781
60924.0 139.7781
61033.0 139.7781
61148.0 124.8261
61260.0 124.8261
61373.0 109.7401
61483.0 94.4853
61593.0 99.3344
61704.0 84.6875
61817.0 69.8891
61925.0 54.87
62031.0 39.5064
62127.0 39.5064
62237.0 41.8999
62343.0 27.9333
62440.0 27.9333
62547.0 27.9333
62650.0 13.9666
62759.0 13.9666
62852.0 13.9666
62957.0 27.9333
63056.0 27.9333
63156.0 27.9333
63251.0 41.8999
63345.0 23.5446
63447.0 39.5064
63543.0 54.87
63638.0 69.8891
63730.0 69.8891
63827.0 84.6875
63919.0 99.3344
64013.0 113.8716
64102.0 109.7401
64192.0 109.7401
64278.0 124.8261
64373.0 124.8261
64457.0 139.7781
64550.0 139.7781
64634.0 139.7781
64731.0 139.7781
64815.0 139.7781
64899.0 139.7781
64991.0 124.8261
65070.0 124.8261
65156.0 124.8261
65238.0 124.8261
65307.0 109.7401
65398.0 109.7401
65484.0 113.8716
65560.0 99.3344
65637.0 84.6875
65723.0 84.6875
65803.0 69.8891
65877.0 54.87
65958.0 54.87
66032.0 39.5064
66102.0 39.5064
66186.0 23.5446
66264.0 41.8999
66337.0 27.9333
66402.0 27.9333
66474.0 27.9333
66549.0 27.9333
66620.0 13.9666
66700.0 13.9666
66770.0 13.9666
66844.0 27.9333
66909.0 27.9333
66978.0 27.9333
67048.0 27.9333
67115.0 27.9333
67184.0 41.8999
67248.0 23.5446
67322.0 39.5064
67382.0 39.5064
67449.0 39.5064
67514.0 54.87
67582.0 69.8891
67643.0 69.8891
67703.0 84.6875
67771.0 84.6875
67839.0 99.3344
67903.0 99.3344
67967.0 113.8716
68027.0 94.4853
68080.0 109.7401
68143.0 109.7401
68200.0 124.8261
68264.0 124.8261
68321.0 124.8261
68381.0 139.7781
68439.0 139.7781
68504.0 139.7781
68555.0 139.7781
68617.0 139.7781
68669.0 139.7781
68722.0 139.7781
68784.0 139.7781
68837.0 139.7781
68894.0 139.7781
68945.0 124.8261
68999.0 124.8261
69054.0 124.8261
69102.0 124.8261
69155.0 109.7401
69207.0 109.7401
69264.0 94.4853
69311.0 94.4853
69359.0 113.8716
69407.0 99.3344
69463.0 99.3344
69513.0 84.6875
69564.0 84.6875
69612.0 69.8891
69662.0 69.8891
69709.0 54.87
69757.0 54.87
69801.0 54.87
69843.0 54.87
69897.0 39.5064
69938.0 39.5064
69987.0 39.5064
70035.0 39.5064
70080.0 39.5064
70123.0 39.5064
70163.0 39.5064
70212.0 23.5446
70253.0 23.5446
70302.0 41.8999
70336.0 41.8999
70387.0 27.9333
70424.0 27.9333
70464.0 27.9333
70510.0 27.9333
70554.0 27.9333
70586.0 27.9333
70629.0 27.9333
70671.0 27.9333
70713.0 13.9666
70757.0 13.9666
70789.0 13.9666
70827.0 27.9333
70862.0 27.9333
70906.0 27.9333
70945.0 27.9333
70976.0 27.9333
71016.0 27.9333
71061.0 27.9333
71095.0 27.9333
71122.0 41.8999
71166.0 41.8999
71208.0 23.5446
71232.0 23.5446
71276.0 39.5064
71307.0 39.5064
71343.0 39.5064
71373.0 54.87
71417.0 54.87
71440.0 54.87
71482.0 69.8891
71511.0 69.8891
71542.0 69.8891
71574.0 84.6875
71616.0 84.6875
71650.0 84.6875
71677.0 84.6875
71705.0 99.3344
71735.0 99.3344
71777.0 99.3344
71817.0 113.8716
71836.0 113.8716
71868.0 94.4853
71896.0 94.4853
71931.0 109.7401
71953.0 109.7401
71986.0 109.7401
72019.0 109.7401
72044.0 109.7401
72071.0 109.7401
72100.0 124.8261
72134.0 124.8261
72155.0 124.8261
72187.0 124.8261
72214.0 124.8261
72247.0 124.8261
72273.0 124.8261
72292.0 124.8261
72321.0 124.8261
72350.0 124.8261
72377.0 124.8261
72409.0 139.7781
72428.0 139.7781
72459.0 139.7781
72472.0 139.7781
72505.0 139.7781
72533.0 139.7781
72553.0 139.7781
72575.0 139.7781
72606.0 139.7781
72627.0 139.7781
72650.0 139.7781
72670.0 139.7781
72701.0 139.7781
72717.0 139.7781
72746.0 139.7781
72765.0 139.7781
72791.0 124.8261
72814.0 124.8261
72839.0 124.8261
72856.0 124.8261
72875.0 124.8261
72898.0 124.8261
72921.0 124.8261
72951.0 124.8261
72964.0 124.8261
72991.0 124.8261
73007.0 124.8261
73034.0 124.8261
73050.0 124.8261
73066.0 124.8261
73091.0 109.7401
73113.0 109.7401
73134.0 109.7401
73154.0 109.7401
73172.0 109.7401
73190.0 109.7401
73219.0 109.7401
73230.0 109.7401
73250.0 109.7401
73266.0 94.4853
73288.0 94.4853
73309.0 94.4853
73325.0 94.4853
73341.0 113.8716
73363.0 113.8716
73375.0 113.8716
73389.0 99.3344
73415.0 99.3344
73440.0 99.3344
73452.0 99.3344
73465.0 99.3344
73486.0 99.3344
73502.0 99.3344
73517.0 99.3344
73536.0 84.6875
73547.0 84.6875
73572.0 84.6875
73584.0 84.6875
73604.0 84.6875
73623.0 84.6875
73634.0 84.6875
73649.0 84.6875
73667.0 84.6875
73679.0 84.6875
73692.0 84.6875
73714.0 84.6875
73724.0 69.8891
73739.0 69.8891
73754.0 69.8891
73766.0 69.8891
73782.0 69.8891
73794.0 69.8891
73808.0 69.8891
73821.0 84.6875
73837.0 84.6875
73858.0 84.6875
73867.0 69.8891
73878.0 69.8891
73896.0 69.8891
73909.0 69.8891
73923.0 54.87
73933.0 54.87
73947.0 54.87
73956.0 54.87
73970.0 54.87
73984.0 54.87
73999.0 54.87
74009.0 54.87
