21972.0 109.7401
21970.0 109.7401
21978.0 109.7401
21981.0 109.7401
21993.0 109.7401
21995.0 109.7401
22007.0 109.7401
22006.0 109.7401
22012.0 109.7401
22014.0 109.7401
22021.0 109.7401
22029.0 109.7401
22029.0 109.7401
22035.0 109.7401
22031.0 109.7401
22024.0 109.7401
22032.0 109.7401
22040.0 109.7401
22040.0 109.7401
22041.0 109.7401
22034.0 109.7401
22037.0 109.7401
22035.0 109.7401
22040.0 109.7401
22043.0 109.7401
22049.0 109.7401
22043.0 94.4853
22044.0 94.4853
22040.0 94.4853
22049.0 109.7401
22018.0 109.7401
21983.0 94.4853
21955.0 109.7401
21940.0 113.8716
21934.0 113.8716
21925.0 113.8716
22001.0 109.7401
22309.0 124.8261
22608.0 124.8261
22911.0 109.7401
23204.0 84.6875
23501.0 54.87
23790.0 39.5064
24080.0 41.8999
24369.0 27.9333
24663.0 27.9333
24956.0 41.8999
25242.0 54.87
25531.0 84.6875
25816.0 94.4853
26098.0 124.8261
26387.0 124.8261
26676.0 109.7401
26955.0 94.4853
27230.0 99.3344
27518.0 69.8891
27796.0 54.87
28080.0 41.8999
28352.0 27.9333
28632.0 27.9333
28905.0 27.9333
29186.0 39.5064
29466.0 69.8891
29741.0 113.8716
30006.0 109.7401
30281.0 124.8261
30550.0 124.8261
30825.0 109.7401
31086.0 94.4853
31358.0 99.3344
31621.0 69.8891
31891.0 39.5064
32157.0 27.9333
32420.0 27.9333
32687.0 27.9333
32947.0 41.8999
33209.0 54.87
33469.0 69.8891
33734.0 99.3344
33986.0 113.8716
34245.0 109.7401
34495.0 124.8261
34749.0 124.8261
35008.0 109.7401
35258.0 99.3344
35515.0 69.8891
35765.0 39.5064
36009.0 41.8999
36256.0 27.9333
36504.0 27.9333
36753.0 41.8999
37004.0 39.5064
37242.0 54.87
37491.0 84.6875
37724.0 99.3344
37970.0 109.7401
38213.0 124.8261
38447.0 124.8261
38687.0 124.8261
38921.0 109.7401
39158.0 99.3344
39392.0 84.6875
39626.0 54.87
39857.0 23.5446
40095.0 41.8999
40316.0 27.9333
40545.0 27.9333
40776.0 41.8999
41005.0 39.5064
41226.0 54.87
41449.0 84.6875
41677.0 99.3344
41897.0 109.7401
42116.0 124.8261
42339.0 124.8261
42561.0 124.8261
42772.0 124.8261
42992.0 94.4853
43212.0 99.3344
43424.0 69.8891
43645.0 54.87
43858.0 39.5064
44059.0 41.8999
44274.0 27.9333
44484.0 27.9333
44692.0 41.8999
44903.0 41.8999
45100.0 39.5064
45304.0 69.8891
45515.0 84.6875
45713.0 113.8716
45917.0 109.7401
46114.0 124.8261
46315.0 124.8261
46516.0 124.8261
46712.0 109.7401
46909.0 94.4853
47111.0 99.3344
47302.0 84.6875
47481.0 69.8891
47682.0 39.5064
47877.0 23.5446
48067.0 41.8999
48253.0 27.9333
48441.0 27.9333
48624.0 27.9333
48812.0 41.8999
48989.0 39.5064
49172.0 54.87
49363.0 84.6875
49540.0 99.3344
49717.0 113.8716
49901.0 109.7401
50077.0 109.7401
50255.0 124.8261
50439.0 124.8261
50614.0 109.7401
50784.0 109.7401
50962.0 113.8716
51133.0 99.3344
51301.0 84.6875
51471.0 69.8891
51638.0 54.87
51809.0 39.5064
51974.0 41.8999
52134.0 27.9333
52309.0 27.9333
52473.0 27.9333
52635.0 27.9333
52797.0 41.8999
52959.0 39.5064
53117.0 54.87
53272.0 69.8891
53442.0 84.6875
53593.0 84.6875
53751.0 99.3344
53898.0 113.8716
54058.0 109.7401
54210.0 109.7401
54361.0 109.7401
54511.0 109.7401
54665.0 109.7401
54816.0 109.7401
54968.0 113.8716
55114.0 99.3344
55258.0 84.6875
55409.0 69.8891
55546.0 69.8891
55695.0 39.5064
55839.0 39.5064
55977.0 41.8999
56124.0 27.9333
56255.0 27.9333
56404.0 27.9333
56537.0 27.9333
56679.0 27.9333
56812.0 41.8999
56952.0 39.5064
57086.0 54.87
57217.0 54.87
57346.0 69.8891
57483.0 84.6875
57620.0 99.3344
57751.0 113.8716
57875.0 113.8716
58006.0 109.7401
58136.0 109.7401
58262.0 109.7401
58393.0 109.7401
58513.0 109.7401
58643.0 109.7401
58767.0 109.7401
58892.0 109.7401
59009.0 113.8716
59134.0 99.3344
59250.0 99.3344
59377.0 84.6875
59495.0 69.8891
59615.0 54.87
59728.0 39.5064
59849.0 39.5064
59961.0 41.8999
60078.0 27.9333
60193.0 27.9333
60304.0 27.9333
60421.0 27.9333
60526.0 27.9333
60640.0 27.9333
60756.0 41.8999
60857.0 41.8999
60968.0 39.5064
61082.0 39.5064
61196.0 54.87
61295.0 54.87
61397.0 69.8891
61508.0 84.6875
61612.0 84.6875
61723.0 99.3344
61824.0 113.8716
61931.0 113.8716
62027.0 109.7401
62128.0 109.7401
62225.0 109.7401
62326.0 124.8261
62426.0 124.8261
62526.0 124.8261
62625.0 124.8261
62713.0 109.7401
62809.0 109.7401
62912.0 109.7401
63003.0 109.7401
63098.0 113.8716
63198.0 113.8716
63289.0 99.3344
63374.0 84.6875
63474.0 84.6875
63561.0 69.8891
63654.0 54.87
63743.0 54.87
63835.0 39.5064
63922.0 39.5064
64008.0 41.8999
64087.0 41.8999
64183.0 27.9333
64267.0 27.9333
64355.0 27.9333
64439.0 27.9333
64517.0 27.9333
64609.0 27.9333
64688.0 27.9333
64767.0 41.8999
64850.0 41.8999
64929.0 41.8999
65013.0 39.5064
65094.0 39.5064
65175.0 39.5064
65258.0 54.87
65334.0 54.87
65413.0 69.8891
65485.0 69.8891
65561.0 84.6875
65638.0 84.6875
65702.0 99.3344
65788.0 99.3344
65861.0 113.8716
65938.0 113.8716
66006.0 109.7401
66084.0 109.7401
66155.0 109.7401
66225.0 124.8261
66302.0 124.8261
66375.0 124.8261
66446.0 124.8261
66508.0 124.8261
66579.0 124.8261
66650.0 124.8261
66712.0 124.8261
66782.0 124.8261
66850.0 109.7401
66912.0 109.7401
66984.0 109.7401
67039.0 94.4853
67110.0 113.8716
67171.0 113.8716
67233.0 99.3344
67298.0 99.3344
67362.0 84.6875
67424.0 84.6875
67487.0 69.8891
67541.0 69.8891
67612.0 69.8891
67669.0 54.87
67726.0 54.87
67786.0 39.5064
67847.0 39.5064
67907.0 39.5064
67962.0 23.5446
68024.0 41.8999
68074.0 41.8999
68142.0 41.8999
68194.0 41.8999
68249.0 41.8999
68306.0 27.9333
68363.0 27.9333
68415.0 27.9333
68471.0 27.9333
68523.0 27.9333
68577.0 27.9333
68641.0 27.9333
68680.0 27.9333
68733.0 27.9333
68788.0 27.9333
68838.0 41.8999
68897.0 41.8999
68951.0 41.8999
68997.0 41.8999
69045.0 41.8999
69095.0 23.5446
69146.0 39.5064
69197.0 39.5064
69239.0 39.5064
69282.0 39.5064
69341.0 54.87
69381.0 54.87
69428.0 54.87
69473.0 69.8891
69518.0 69.8891
69566.0 69.8891
69613.0 84.6875
69664.0 84.6875
69704.0 84.6875
69750.0 99.3344
69796.0 99.3344
69842.0 99.3344
69886.0 113.8716
69929.0 113.8716
69972.0 113.8716
70008.0 94.4853
70053.0 109.7401
70095.0 109.7401
70140.0 109.7401
70182.0 109.7401
70230.0 124.8261
70271.0 124.8261
70310.0 124.8261
70346.0 124.8261
70387.0 124.8261
70424.0 124.8261
70467.0 124.8261
70504.0 124.8261
70543.0 124.8261
70581.0 124.8261
70620.0 124.8261
70653.0 124.8261
70695.0 124.8261
70734.0 124.8261
70766.0 124.8261
70804.0 124.8261
70836.0 124.8261
70880.0 124.8261
70904.0 109.7401
70957.0 109.7401
70977.0 109.7401
71016.0 109.7401
71054.0 109.7401
71080.0 109.7401
71113.0 109.7401
71160.0 94.4853
71188.0 113.8716
71227.0 113.8716
71258.0 113.8716
71292.0 113.8716
71322.0 99.3344
71352.0 99.3344
71391.0 99.3344
71417.0 99.3344
71453.0 99.3344
71489.0 99.3344
71521.0 84.6875
71542.0 84.6875
71571.0 84.6875
71597.0 84.6875
71637.0 84.6875
71663.0 84.6875
71694.0 69.8891
71733.0 69.8891
71754.0 69.8891
71781.0 69.8891
71808.0 69.8891
71839.0 69.8891
71868.0 54.87
71897.0 54.87
71914.0 54.87
71956.0 54.87
71983.0 54.87
72007.0 54.87
72034.0 54.87
72060.0 39.5064
72090.0 39.5064
72112.0 39.5064
72140.0 39.5064
72168.0 39.5064
72196.0 39.5064
72216.0 39.5064
72242.0 23.5446
72267.0 41.8999
72291.0 41.8999
72321.0 41.8999
72339.0 41.8999
72366.0 41.8999
72388.0 41.8999
72424.0 41.8999
72440.0 41.8999
72463.0 41.8999
72484.0 41.8999
72511.0 27.9333
72530.0 27.9333
72554.0 27.9333
72573.0 27.9333
72595.0 27.9333
72623.0 27.9333
72639.0 27.9333
72669.0 27.9333
72688.0 27.9333
72714.0 27.9333
72734.0 27.9333
72755.0 27.9333
72779.0 27.9333
72797.0 27.9333
72814.0 27.9333
72836.0 27.9333
72856.0 27.9333
72879.0 27.9333
72888.0 27.9333
72915.0 27.9333
72939.0 27.9333
72962.0 27.9333
72975.0 27.9333
72988.0 27.9333
73022.0 27.9333
73036.0 27.9333
73050.0 27.9333
73072.0 27.9333
73093.0 27.9333
73111.0 27.9333
73133.0 27.9333
73145.0 27.9333
73165.0 27.9333
73172.0 41.8999
73201.0 41.8999
73221.0 41.8999
73233.0 41.8999
73253.0 41.8999
73275.0 41.8999
73287.0 41.8999
73297.0 41.8999
73315.0 41.8999
73341.0 41.8999
73352.0 41.8999
73372.0 41.8999
73388.0 23.5446
73399.0 23.5446
73416.0 39.5064
73428.0 39.5064
73449.0 39.5064
73466.0 39.5064
73486.0 39.5064
73500.0 39.5064
73509.0 39.5064
73525.0 39.5064
73546.0 39.5064
73553.0 39.5064
73572.0 39.5064
73589.0 54.87
73602.0 54.87
73622.0 54.87
73620.0 54.87
73639.0 54.87
73659.0 54.87
73675.0 54.87
73689.0 54.87
73704.0 54.87
73717.0 54.87
73727.0 54.87
73741.0 54.87
73749.0 54.87
73765.0 69.8891
73782.0 69.8891
73789.0 69.8891
73804.0 69.8891
73823.0 69.8891
73830.0 69.8891
73836.0 69.8891
73860.0 69.8891
73868.0 69.8891
73882.0 69.8891
73896.0 69.8891
73907.0 69.8891
73915.0 84.6875
73925.0 84.6875
73943.0 84.6875
73950.0 84.6875
73964.0 84.6875
73981.0 84.6875
73987.0 84.6875
73997.0 84.6875
74012.0 84.6875
74030.0 84.6875
74033.0 84.6875
74043.0 84.6875
74055.0 84.6875
74069.0 84.6875
74071.0 84.6875
74084.0 84.6875
74099.0 84.6875
74108.0 84.6875
74123.0 84.6875
74126.0 84.6875
74136.0 84.6875
74147.0 84.6875
74160.0 99.3344
74172.0 99.3344
74180.0 99.3344
74192.0 99.3344
74201.0 99.3344
74210.0 99.3344
74225.0 99.3344
74230.0 99.3344
74243.0 99.3344
74249.0 99.3344
74259.0 99.3344
74271.0 99.3344
74283.0 99.3344
74287.0 99.3344
74295.0 99.3344
74304.0 99.3344
74313.0 99.3344
74322.0 113.8716
74337.0 113.8716
74335.0 113.8716
74344.0 113.8716
74354.0 99.3344
74361.0 99.3344
74380.0 99.3344
74382.0 99.3344
74388.0 99.3344
74402.0 113.8716
74408.0 113.8716
74408.0 113.8716
74416.0 113.8716
74429.0 113.8716
74437.0 113.8716
74444.0 113.8716
74446.0 113.8716
74466.0 113.8716
74471.0 113.8716
74473.0 113.8716
74484.0 113.8716
74489.0 113.8716
74500.0 113.8716
74503.0 113.8716
74512.0 113.8716
74518.0 113.8716
74524.0 113.8716
74533.0 113.8716
74534.0 113.8716
74550.0 113.8716
74553.0 113.8716
74565.0 113.8716
74564.0 113.8716
74573.0 113.8716
74581.0 113.8716
74593.0 113.8716
74594.0 94.4853
74598.0 94.4853
74609.0 94.4853
74613.0 94.4853
74616.0 94.4853
74627.0 94.4853
74633.0 94.4853
74636.0 113.8716
74650.0 113.8716
74651.0 113.8716
74662.0 113.8716
74664.0 94.4853
74668.0 94.4853
74672.0 94.4853
74680.0 109.7401
74684.0 109.7401
74686.0 109.7401
74696.0 109.7401
74705.0 94.4853
74703.0 94.4853
74720.0 94.4853
74717.0 94.4853
74721.0 94.4853
74726.0 113.8716
74735.0 94.4853
74732.0 94.4853
74732.0 94.4853
74750.0 94.4853
74703.0 113.8716
74711.0 113.8716
74716.0 113.8716
74722.0 113.8716
74727.0 113.8716
74734.0 113.8716
74732.0 113.8716
74736.0 113.8716
74745.0 113.8716
74750.0 113.8716
74754.0 113.8716
74757.0 113.8716
74760.0 113.8716
74767.0 113.8716
74768.0 113.8716
74776.0 113.8716
74779.0 113.8716
74784.0 113.8716
74786.0 113.8716
74792.0 113.8716
74792.0 113.8716
74798.0 113.8716
74805.0 113.8716
74804.0 113.8716
74811.0 113.8716
74819.0 113.8716
74815.0 113.8716
74818.0 113.8716
74823.0 113.8716
74820.0 113.8716
74824.0 113.8716
74836.0 113.8716
74838.0 113.8716
74833.0 113.8716
74847.0 113.8716
74846.0 113.8716
74859.0 113.8716
74855.0 113.8716
74864.0 113.8716
74865.0 113.8716
74869.0 113.8716
74874.0 113.8716
74872.0 113.8716
74874.0 113.8716
74883.0 113.8716
74884.0 113.8716
74887.0 113.8716
74886.0 113.8716
74895.0 113.8716
74898.0 113.8716
74898.0 113.8716
74902.0 113.8716
74910.0 113.8716
74904.0 113.8716
74915.0 113.8716
74922.0 113.8716
74917.0 113.8716
74918.0 113.8716
74926.0 113.8716
74925.0 113.8716
74922.0 113.8716
74935.0 113.8716
74938.0 113.8716
74942.0 113.8716
74938.0 113.8716
74945.0 113.8716
74945.0 113.8716
74954.0 113.8716
74956.0 113.8716
74957.0 113.8716
74956.0 113.8716
74959.0 113.8716
74962.0 113.8716
74971.0 113.8716
74968.0 113.8716
74980.0 113.8716
74971.0 113.8716
74978.0 113.8716
74984.0 113.8716
74985.0 113.8716
74987.0 113.8716
74990.0 113.8716
74993.0 113.8716
75004.0 113.8716
74993.0 113.8716
75004.0 113.8716
74997.0 113.8716
75008.0 113.8716
75017.0 113.8716
75015.0 113.8716
75017.0 113.8716
75016.0 113.8716
75012.0 113.8716
75022.0 113.8716
75020.0 113.8716
75027.0 113.8716
75026.0 113.8716
75035.0 94.4853
75026.0 94.4853
75026.0 113.8716
75046.0 113.8716
75040.0 113.8716
75040.0 113.8716
75043.0 113.8716
75043.0 113.8716
75048.0 113.8716
75049.0 113.8716
75054.0 113.8716
75052.0 113.8716
75062.0 113.8716
75058.0 113.8716
75063.0 113.8716
75066.0 113.8716
75062.0 113.8716
75071.0 113.8716
75068.0 113.8716
75070.0 113.8716
75074.0 94.4853
75071.0 94.4853
75080.0 113.8716
75077.0 113.8716
75081.0 113.8716
75086.0 113.8716
75083.0 113.8716
75084.0 113.8716
75087.0 113.8716
75089.0 113.8716
75091.0 113.8716
75095.0 113.8716
75094.0 113.8716
75101.0 113.8716
75097.0 113.8716
75102.0 113.8716
75103.0 113.8716
75102.0 113.8716
75108.0 113.8716
75112.0 113.8716
75109.0 113.8716
75117.0 113.8716
75123.0 113.8716
75115.0 113.8716
75115.0 113.8716
75118.0 113.8716
75121.0 113.8716
75124.0 113.8716
75118.0 113.8716
75131.0 113.8716
75132.0 113.8716
75128.0 113.8716
75128.0 113.8716
75135.0 99.3344
75134.0 99.3344
75139.0 99.3344
75144.0 99.3344
75139.0 99.3344
75136.0 99.3344
75137.0 99.3344
75150.0 99.3344
75146.0 99.3344
75154.0 99.3344
75154.0 113.8716
75154.0 99.3344
