20624.0 69.8891
20642.0 69.8891
20682.0 69.8891
20729.0 69.8891
20773.0 69.8891
20811.0 54.87
20866.0 39.5064
20930.0 39.5064
20983.0 39.5064
21040.0 39.5064
21094.0 39.5064
21143.0 23.5446
21182.0 23.5446
21229.0 23.5446
21265.0 41.8999
21305.0 41.8999
21337.0 41.8999
21372.0 41.8999
21407.0 41.8999
21419.0 41.8999
21338.0 41.8999
21163.0 39.5064
21086.0 39.5064
21027.0 39.5064
21004.0 39.5064
20999.0 39.5064
20987.0 54.87
21066.0 39.5064
21379.0 41.8999
21681.0 41.8999
21985.0 39.5064
22286.0 69.8891
22586.0 99.3344
22889.0 109.7401
23186.0 139.7781
23485.0 154.6214
23789.0 139.7781
24080.0 109.7401
24382.0 99.3344
24678.0 69.8891
24969.0 39.5064
25269.0 41.8999
25552.0 41.8999
25846.0 39.5064
26140.0 69.8891
26423.0 99.3344
26710.0 109.7401
26998.0 139.7781
27289.0 154.6214
27575.0 154.6214
27859.0 139.7781
28149.0 109.7401
28427.0 99.3344
28716.0 54.87
29001.0 41.8999
29273.0 41.8999
29556.0 41.8999
29830.0 54.87
30110.0 84.6875
30385.0 94.4853
30668.0 124.8261
30938.0 139.7781
31214.0 154.6214
31480.0 154.6214
31753.0 139.7781
32025.0 109.7401
32293.0 99.3344
32570.0 69.8891
32837.0 39.5064
33099.0 41.8999
33367.0 27.9333
33634.0 23.5446
33896.0 39.5064
34158.0 84.6875
34422.0 94.4853
34680.0 124.8261
34939.0 139.7781
35200.0 154.6214
35452.0 154.6214
35709.0 139.7781
35964.0 109.7401
36221.0 99.3344
36473.0 69.8891
36726.0 39.5064
36979.0 41.8999
37228.0 27.9333
37480.0 41.8999
37729.0 39.5064
37967.0 69.8891
38221.0 99.3344
38467.0 109.7401
38706.0 139.7781
38949.0 154.6214
39185.0 154.6214
39429.0 154.6214
39664.0 124.8261
39903.0 109.7401
40149.0 99.3344
40385.0 69.8891
40616.0 39.5064
40851.0 41.8999
41079.0 27.9333
41315.0 27.9333
41543.0 23.5446
41770.0 54.87
41999.0 84.6875
42227.0 94.4853
42452.0 124.8261
42680.0 139.7781
42902.0 154.6214
43129.0 154.6214
43347.0 139.7781
43567.0 124.8261
43786.0 109.7401
44008.0 99.3344
44225.0 84.6875
44440.0 54.87
44652.0 23.5446
44867.0 27.9333
45078.0 27.9333
45289.0 27.9333
45504.0 23.5446
45712.0 54.87
45920.0 69.8891
46127.0 99.3344
46335.0 109.7401
46538.0 124.8261
46744.0 139.7781
46949.0 154.6214
47152.0 154.6214
47345.0 139.7781
47548.0 124.8261
47745.0 109.7401
47948.0 99.3344
48146.0 84.6875
48343.0 54.87
48533.0 39.5064
48724.0 41.8999
48923.0 27.9333
49110.0 27.9333
49298.0 27.9333
49485.0 23.5446
49674.0 39.5064
49867.0 69.8891
50045.0 84.6875
50231.0 113.8716
50414.0 109.7401
50601.0 124.8261
50783.0 139.7781
50956.0 139.7781
51130.0 139.7781
51324.0 139.7781
51494.0 124.8261
51672.0 109.7401
51846.0 94.4853
52018.0 99.3344
52192.0 69.8891
52363.0 54.87
52535.0 39.5064
52703.0 41.8999
52873.0 27.9333
53043.0 27.9333
53206.0 27.9333
53369.0 41.8999
53533.0 39.5064
53699.0 54.87
53864.0 69.8891
54021.0 84.6875
54187.0 99.3344
54344.0 109.7401
54501.0 124.8261
54662.0 139.7781
54822.0 139.7781
54978.0 139.7781
55133.0 139.7781
55284.0 139.7781
55437.0 139.7781
55584.0 124.8261
55734.0 109.7401
55889.0 113.8716
56032.0 84.6875
56186.0 69.8891
56329.0 69.8891
56465.0 54.87
56617.0 39.5064
56761.0 23.5446
56903.0 41.8999
57047.0 27.9333
57190.0 27.9333
57331.0 41.8999
57470.0 23.5446
57604.0 39.5064
57742.0 54.87
57880.0 54.87
58012.0 69.8891
58148.0 84.6875
58281.0 99.3344
58420.0 94.4853
58544.0 109.7401
58671.0 124.8261
58797.0 139.7781
58929.0 139.7781
59057.0 139.7781
59189.0 139.7781
59314.0 139.7781
59440.0 139.7781
59564.0 124.8261
59686.0 109.7401
59804.0 109.7401
59932.0 113.8716
60057.0 99.3344
60176.0 84.6875
60292.0 69.8891
60414.0 54.87
60527.0 54.87
60652.0 39.5064
60762.0 23.5446
60878.0 41.8999
60997.0 41.8999
61109.0 27.9333
61217.0 27.9333
61331.0 41.8999
61446.0 23.5446
61556.0 39.5064
61660.0 54.87
61771.0 54.87
61883.0 69.8891
61983.0 69.8891
62087.0 84.6875
62199.0 99.3344
62303.0 99.3344
62409.0 94.4853
62519.0 109.7401
62615.0 124.8261
62714.0 124.8261
62816.0 139.7781
62918.0 139.7781
63016.0 139.7781
63119.0 139.7781
63212.0 139.7781
63311.0 139.7781
63413.0 139.7781
63508.0 124.8261
63602.0 124.8261
63695.0 109.7401
63793.0 94.4853
63875.0 113.8716
63974.0 99.3344
64076.0 84.6875
64161.0 84.6875
64254.0 69.8891
64347.0 54.87
64430.0 54.87
64520.0 39.5064
64610.0 39.5064
64695.0 23.5446
64786.0 41.8999
64870.0 41.8999
64961.0 41.8999
65045.0 27.9333
65124.0 27.9333
65205.0 41.8999
65297.0 41.8999
65368.0 23.5446
65452.0 39.5064
65536.0 39.5064
65614.0 54.87
65693.0 54.87
65775.0 54.87
65851.0 69.8891
65930.0 69.8891
66011.0 84.6875
66089.0 99.3344
66166.0 99.3344
66242.0 94.4853
66311.0 109.7401
66389.0 109.7401
66466.0 124.8261
66541.0 124.8261
66614.0 139.7781
66685.0 139.7781
66756.0 139.7781
66830.0 139.7781
66897.0 139.7781
66972.0 139.7781
67037.0 139.7781
67101.0 139.7781
67181.0 139.7781
67249.0 139.7781
67315.0 139.7781
67382.0 124.8261
67447.0 124.8261
67515.0 124.8261
67578.0 109.7401
67644.0 109.7401
67704.0 113.8716
67765.0 113.8716
67831.0 113.8716
67892.0 113.8716
67959.0 99.3344
68027.0 99.3344
68087.0 99.3344
68142.0 84.6875
68208.0 69.8891
68263.0 69.8891
68323.0 69.8891
68380.0 54.87
68441.0 54.87
68503.0 39.5064
68556.0 39.5064
68613.0 39.5064
68676.0 23.5446
68729.0 41.8999
68790.0 41.8999
68839.0 41.8999
68896.0 41.8999
68950.0 27.9333
69004.0 27.9333
69062.0 41.8999
69112.0 41.8999
69168.0 41.8999
69217.0 41.8999
69263.0 41.8999
69324.0 23.5446
69371.0 23.5446
69430.0 23.5446
69471.0 39.5064
69522.0 39.5064
69567.0 39.5064
69616.0 54.87
69675.0 54.87
69720.0 54.87
69767.0 69.8891
69818.0 69.8891
69869.0 69.8891
69916.0 84.6875
69956.0 84.6875
70007.0 99.3344
70048.0 99.3344
70094.0 99.3344
70139.0 113.8716
70181.0 94.4853
70227.0 94.4853
70279.0 109.7401
70313.0 109.7401
70363.0 109.7401
70402.0 124.8261
70441.0 124.8261
70487.0 124.8261
70520.0 124.8261
70564.0 139.7781
70609.0 139.7781
70655.0 139.7781
70685.0 139.7781
70734.0 139.7781
70771.0 139.7781
70813.0 139.7781
70855.0 139.7781
70889.0 139.7781
70930.0 139.7781
70966.0 139.7781
70999.0 139.7781
71040.0 139.7781
71083.0 139.7781
71113.0 139.7781
71152.0 139.7781
71193.0 139.7781
71223.0 139.7781
71262.0 139.7781
71297.0 139.7781
71331.0 139.7781
71365.0 139.7781
71402.0 139.7781
71439.0 139.7781
71472.0 124.8261
71504.0 124.8261
71544.0 124.8261
71571.0 124.8261
71603.0 124.8261
71637.0 109.7401
71668.0 109.7401
71697.0 109.7401
71727.0 109.7401
71767.0 94.4853
71802.0 113.8716
71827.0 113.8716
71860.0 113.8716
71893.0 99.3344
71917.0 99.3344
71947.0 99.3344
71978.0 99.3344
72009.0 99.3344
72041.0 99.3344
72066.0 99.3344
72103.0 99.3344
72130.0 84.6875
72148.0 84.6875
72182.0 84.6875
72213.0 84.6875
72240.0 84.6875
72273.0 69.8891
72292.0 69.8891
72314.0 69.8891
72348.0 69.8891
72379.0 54.87
72406.0 54.87
72426.0 54.87
72456.0 54.87
72485.0 54.87
72508.0 39.5064
72532.0 39.5064
72560.0 39.5064
72579.0 39.5064
72603.0 39.5064
72634.0 39.5064
72653.0 39.5064
72680.0 39.5064
72704.0 23.5446
72726.0 41.8999
72751.0 41.8999
72776.0 41.8999
72799.0 41.8999
72817.0 41.8999
72841.0 41.8999
72867.0 41.8999
72884.0 41.8999
72908.0 41.8999
72932.0 41.8999
72951.0 41.8999
72962.0 41.8999
72989.0 41.8999
73014.0 41.8999
73031.0 41.8999
73064.0 41.8999
73077.0 41.8999
73101.0 41.8999
73119.0 41.8999
73136.0 41.8999
73159.0 41.8999
73182.0 41.8999
73197.0 41.8999
73220.0 41.8999
73234.0 23.5446
73262.0 23.5446
73281.0 23.5446
73298.0 23.5446
73315.0 23.5446
73333.0 23.5446
73351.0 23.5446
73362.0 23.5446
73384.0 23.5446
73410.0 23.5446
73421.0 23.5446
73439.0 23.5446
73459.0 23.5446
73473.0 23.5446
73494.0 39.5064
73513.0 39.5064
73531.0 39.5064
73544.0 39.5064
73561.0 39.5064
73583.0 39.5064
73595.0 39.5064
73608.0 39.5064
73629.0 54.87
73643.0 54.87
73654.0 54.87
73675.0 54.87
73689.0 54.87
73706.0 54.87
73720.0 54.87
73736.0 54.87
73747.0 54.87
73760.0 54.87
73778.0 69.8891
73796.0 69.8891
73814.0 69.8891
73826.0 69.8891
73841.0 84.6875
73855.0 84.6875
73869.0 84.6875
73885.0 84.6875
73894.0 84.6875
73907.0 84.6875
73915.0 84.6875
73936.0 84.6875
73952.0 84.6875
73963.0 84.6875
73976.0 84.6875
73989.0 84.6875
74003.0 84.6875
