21829.0 39.5064
21843.0 39.5064
21851.0 39.5064
21852.0 39.5064
21861.0 39.5064
21870.0 39.5064
21899.0 39.5064
21914.0 39.5064
21938.0 39.5064
21962.0 39.5064
21988.0 39.5064
22022.0 23.5446
22043.0 23.5446
22072.0 23.5446
22100.0 23.5446
22135.0 23.5446
22157.0 23.5446
22180.0 41.8999
22203.0 23.5446
22226.0 41.8999
22244.0 41.8999
22257.0 41.8999
22271.0 41.8999
22273.0 41.8999
22274.0 41.8999
22275.0 41.8999
22422.0 41.8999
22732.0 23.5446
23035.0 69.8891
23335.0 99.3344
23630.0 124.8261
23933.0 139.7781
24231.0 154.6214
24530.0 139.7781
24825.0 124.8261
25116.0 113.8716
25409.0 99.3344
25704.0 54.87
26002.0 41.8999
26288.0 27.9333
26578.0 41.8999
26867.0 39.5064
27153.0 69.8891
27442.0 113.8716
27726.0 109.7401
28009.0 139.7781
28297.0 139.7781
28582.0 139.7781
28867.0 124.8261
29138.0 113.8716
29429.0 84.6875
29710.0 39.5064
29980.0 41.8999
30256.0 27.9333
30537.0 41.8999
30812.0 39.5064
31083.0 69.8891
31356.0 99.3344
31635.0 109.7401
31908.0 139.7781
32181.0 139.7781
32442.0 139.7781
32715.0 124.8261
32984.0 113.8716
33253.0 84.6875
33511.0 54.87
33777.0 23.5446
34042.0 27.9333
34305.0 27.9333
34570.0 41.8999
34826.0 39.5064
35086.0 69.8891
35343.0 99.3344
35600.0 109.7401
35866.0 139.7781
36110.0 139.7781
36366.0 139.7781
36621.0 124.8261
36874.0 94.4853
37126.0 84.6875
37376.0 54.87
37619.0 39.5064
37866.0 41.8999
38114.0 27.9333
38355.0 41.8999
38603.0 39.5064
38842.0 69.8891
39083.0 99.3344
39331.0 109.7401
39569.0 124.8261
39815.0 139.7781
40045.0 139.7781
40281.0 139.7781
40523.0 124.8261
40762.0 109.7401
40989.0 99.3344
41222.0 69.8891
41451.0 39.5064
41682.0 23.5446
41914.0 27.9333
42145.0 27.9333
42367.0 41.8999
42595.0 39.5064
42816.0 69.8891
43034.0 99.3344
43261.0 94.4853
43474.0 109.7401
43703.0 124.8261
43923.0 139.7781
44137.0 154.6214
44355.0 139.7781
44569.0 124.8261
44782.0 109.7401
44996.0 99.3344
45210.0 69.8891
45425.0 54.87
45629.0 23.5446
45842.0 41.8999
46048.0 27.9333
46254.0 41.8999
46466.0 23.5446
46663.0 54.87
46879.0 69.8891
47076.0 99.3344
47280.0 94.4853
47477.0 124.8261
47676.0 139.7781
47879.0 154.6214
48068.0 154.6214
48266.0 139.7781
48466.0 124.8261
48660.0 109.7401
48853.0 99.3344
49045.0 84.6875
49239.0 54.87
49421.0 39.5064
49611.0 23.5446
49803.0 41.8999
49985.0 27.9333
50174.0 41.8999
50362.0 23.5446
50542.0 39.5064
50726.0 69.8891
50909.0 84.6875
51083.0 99.3344
51264.0 109.7401
51443.0 124.8261
51617.0 139.7781
51793.0 154.6214
51960.0 154.6214
52140.0 154.6214
52311.0 139.7781
52484.0 124.8261
52652.0 109.7401
52821.0 113.8716
52994.0 99.3344
53168.0 69.8891
53325.0 54.87
53494.0 39.5064
53657.0 41.8999
53820.0 41.8999
53983.0 27.9333
54145.0 41.8999
54304.0 23.5446
54468.0 39.5064
54621.0 54.87
54785.0 69.8891
54936.0 99.3344
55087.0 113.8716
55252.0 109.7401
55400.0 124.8261
55555.0 139.7781
55705.0 154.6214
55858.0 154.6214
56007.0 154.6214
56146.0 154.6214
56301.0 139.7781
56442.0 139.7781
56589.0 124.8261
56735.0 109.7401
56881.0 99.3344
57019.0 84.6875
57161.0 69.8891
57304.0 54.87
57446.0 39.5064
57587.0 23.5446
57728.0 41.8999
57858.0 27.9333
57995.0 27.9333
58127.0 41.8999
58261.0 41.8999
58395.0 39.5064
58533.0 39.5064
58654.0 54.87
58787.0 84.6875
58916.0 99.3344
59050.0 113.8716
59176.0 109.7401
59301.0 124.8261
59427.0 139.7781
59550.0 139.7781
59675.0 154.6214
59792.0 154.6214
59924.0 154.6214
60045.0 154.6214
60170.0 139.7781
60284.0 139.7781
60405.0 124.8261
60517.0 109.7401
60635.0 94.4853
60762.0 99.3344
60872.0 99.3344
60985.0 84.6875
61104.0 69.8891
61221.0 69.8891
61332.0 54.87
61445.0 39.5064
61543.0 23.5446
61658.0 41.8999
61770.0 27.9333
61879.0 27.9333
61985.0 41.8999
62093.0 41.8999
62193.0 23.5446
62305.0 39.5064
62413.0 39.5064
62519.0 54.87
62620.0 54.87
62726.0 69.8891
62826.0 84.6875
62923.0 99.3344
63018.0 113.8716
63121.0 109.7401
63227.0 109.7401
63317.0 124.8261
63411.0 139.7781
63518.0 139.7781
63608.0 154.6214
63705.0 154.6214
63803.0 154.6214
63895.0 154.6214
63985.0 154.6214
64083.0 154.6214
64166.0 139.7781
64264.0 139.7781
64352.0 139.7781
64447.0 124.8261
64539.0 109.7401
64628.0 109.7401
64712.0 94.4853
64799.0 113.8716
64883.0 99.3344
64976.0 84.6875
65059.0 84.6875
65139.0 69.8891
65224.0 54.87
65312.0 39.5064
65391.0 39.5064
65469.0 23.5446
65558.0 41.8999
65635.0 41.8999
65716.0 41.8999
65794.0 27.9333
65878.0 27.9333
65948.0 27.9333
66028.0 41.8999
66108.0 41.8999
66183.0 41.8999
66255.0 23.5446
66335.0 39.5064
66405.0 39.5064
66481.0 54.87
66556.0 54.87
66632.0 69.8891
66698.0 84.6875
66771.0 99.3344
66844.0 99.3344
66918.0 113.8716
66984.0 94.4853
67061.0 109.7401
67127.0 109.7401
67192.0 124.8261
67259.0 124.8261
67331.0 124.8261
67399.0 139.7781
67465.0 139.7781
67528.0 139.7781
67593.0 139.7781
67663.0 154.6214
67723.0 154.6214
67784.0 154.6214
67845.0 154.6214
67912.0 154.6214
67975.0 154.6214
68034.0 139.7781
68100.0 139.7781
68161.0 139.7781
68222.0 139.7781
68287.0 139.7781
68344.0 124.8261
68407.0 124.8261
68465.0 124.8261
68513.0 109.7401
68576.0 109.7401
68630.0 94.4853
68687.0 113.8716
68751.0 113.8716
68807.0 99.3344
68855.0 99.3344
68911.0 84.6875
68966.0 84.6875
69023.0 69.8891
69077.0 69.8891
69128.0 54.87
69180.0 54.87
69225.0 54.87
69289.0 39.5064
69326.0 39.5064
69384.0 39.5064
69435.0 39.5064
69485.0 39.5064
69538.0 39.5064
69584.0 23.5446
69626.0 41.8999
69681.0 41.8999
69727.0 41.8999
69780.0 27.9333
69823.0 27.9333
69877.0 27.9333
69918.0 27.9333
69965.0 27.9333
70010.0 27.9333
70047.0 41.8999
70107.0 41.8999
70152.0 41.8999
70195.0 41.8999
70236.0 23.5446
70278.0 23.5446
70317.0 39.5064
70373.0 39.5064
70408.0 39.5064
70455.0 39.5064
70495.0 54.87
70537.0 54.87
70571.0 54.87
70625.0 69.8891
70652.0 69.8891
70695.0 69.8891
70736.0 84.6875
70775.0 84.6875
70823.0 84.6875
70859.0 84.6875
70898.0 99.3344
70941.0 99.3344
70971.0 99.3344
71010.0 99.3344
71052.0 99.3344
71089.0 113.8716
71126.0 94.4853
71166.0 94.4853
71203.0 109.7401
71236.0 109.7401
71268.0 109.7401
71306.0 109.7401
71342.0 109.7401
71378.0 124.8261
71415.0 124.8261
71448.0 124.8261
71473.0 124.8261
71513.0 124.8261
71547.0 139.7781
71580.0 139.7781
71613.0 139.7781
71643.0 139.7781
71676.0 139.7781
71707.0 139.7781
71735.0 139.7781
71764.0 139.7781
71803.0 139.7781
71833.0 139.7781
71863.0 139.7781
71900.0 139.7781
71930.0 139.7781
71957.0 154.6214
71980.0 139.7781
72017.0 139.7781
72038.0 139.7781
72075.0 139.7781
72100.0 139.7781
72129.0 139.7781
72157.0 139.7781
72184.0 139.7781
72209.0 139.7781
72242.0 139.7781
72266.0 139.7781
72294.0 139.7781
72320.0 139.7781
72347.0 139.7781
72375.0 139.7781
72405.0 124.8261
72423.0 124.8261
72456.0 124.8261
72484.0 124.8261
72509.0 124.8261
72535.0 124.8261
72559.0 124.8261
72580.0 109.7401
72607.0 109.7401
72636.0 109.7401
72653.0 109.7401
72683.0 109.7401
72703.0 109.7401
72728.0 94.4853
72750.0 113.8716
72776.0 113.8716
72795.0 113.8716
72820.0 99.3344
72838.0 99.3344
72867.0 99.3344
72878.0 99.3344
72909.0 99.3344
72932.0 99.3344
72944.0 84.6875
72975.0 84.6875
72996.0 84.6875
73010.0 84.6875
73038.0 69.8891
73059.0 69.8891
73080.0 69.8891
73099.0 69.8891
73118.0 69.8891
73137.0 54.87
73158.0 54.87
73185.0 54.87
73199.0 54.87
73221.0 54.87
73237.0 54.87
73255.0 39.5064
73275.0 39.5064
73299.0 39.5064
73315.0 39.5064
73334.0 39.5064
73348.0 39.5064
73367.0 39.5064
73381.0 23.5446
73404.0 23.5446
73416.0 23.5446
73441.0 23.5446
73455.0 23.5446
73470.0 23.5446
73492.0 41.8999
73513.0 41.8999
73527.0 41.8999
73536.0 41.8999
73561.0 41.8999
73580.0 41.8999
73587.0 41.8999
73609.0 27.9333
73627.0 27.9333
73636.0 27.9333
73655.0 27.9333
73665.0 27.9333
73682.0 27.9333
73702.0 27.9333
73715.0 27.9333
73736.0 27.9333
73748.0 27.9333
73762.0 27.9333
73779.0 27.9333
73793.0 27.9333
73808.0 27.9333
73825.0 27.9333
73834.0 27.9333
73847.0 27.9333
73859.0 27.9333
73876.0 27.9333
73887.0 27.9333
73900.0 27.9333
73918.0 27.9333
73929.0 27.9333
73937.0 27.9333
73958.0 27.9333
73976.0 41.8999
73975.0 41.8999
73989.0 41.8999
74009.0 41.8999
