22097.0 54.87
22164.0 54.87
22231.0 54.87
22267.0 54.87
22318.0 39.5064
22361.0 54.87
22397.0 39.5064
22421.0 39.5064
22444.0 39.5064
22308.0 39.5064
22060.0 54.87
21814.0 69.8891
21359.0 99.3344
21164.0 99.3344
21054.0 99.3344
20703.0 99.3344
20401.0 84.6875
20162.0 54.87
19984.0 23.5446
19836.0 41.8999
19727.0 27.9333
19632.0 27.9333
19568.0 27.9333
19515.0 13.9666
19531.0 27.9333
19601.0 27.9333
19714.0 27.9333
19863.0 27.9333
20013.0 39.5064
20160.0 54.87
20378.0 84.6875
20687.0 99.3344
20989.0 113.8716
21293.0 99.3344
21599.0 84.6875
21899.0 69.8891
22197.0 54.87
22494.0 41.8999
22800.0 27.9333
23089.0 13.9666
23390.0 41.8999
23681.0 39.5064
23979.0 69.8891
24275.0 84.6875
24570.0 99.3344
24855.0 99.3344
25153.0 84.6875
25445.0 69.8891
25736.0 54.87
26032.0 39.5064
26316.0 23.5446
26605.0 27.9333
26892.0 13.9666
27169.0 13.9666
27454.0 27.9333
27744.0 23.5446
28024.0 54.87
28307.0 69.8891
28588.0 84.6875
28870.0 84.6875
29148.0 84.6875
29421.0 84.6875
29702.0 84.6875
29977.0 69.8891
30253.0 39.5064
30530.0 41.8999
30800.0 27.9333
31078.0 13.9666
31344.0 27.9333
31613.0 41.8999
31885.0 39.5064
32151.0 69.8891
32417.0 69.8891
32682.0 84.6875
32951.0 99.3344
33215.0 99.3344
33476.0 84.6875
33741.0 84.6875
34007.0 54.87
34266.0 39.5064
34526.0 27.9333
34776.0 27.9333
35038.0 13.9666
35286.0 27.9333
35544.0 27.9333
35801.0 39.5064
36054.0 39.5064
36303.0 54.87
36555.0 84.6875
36804.0 84.6875
37058.0 99.3344
37301.0 99.3344
37546.0 99.3344
37791.0 84.6875
38033.0 54.87
38281.0 39.5064
38523.0 27.9333
38758.0 27.9333
38997.0 13.9666
39238.0 27.9333
39476.0 27.9333
39719.0 41.8999
39945.0 39.5064
40182.0 54.87
40416.0 84.6875
40647.0 99.3344
40885.0 113.8716
41111.0 113.8716
41342.0 99.3344
41567.0 84.6875
41790.0 69.8891
42025.0 39.5064
42247.0 41.8999
42465.0 27.9333
42685.0 27.9333
42909.0 13.9666
43135.0 13.9666
43347.0 27.9333
43574.0 27.9333
43792.0 39.5064
44001.0 54.87
44219.0 69.8891
44431.0 84.6875
44651.0 113.8716
44860.0 113.8716
45066.0 113.8716
45276.0 99.3344
45485.0 84.6875
45694.0 69.8891
45905.0 54.87
46106.0 39.5064
46306.0 41.8999
46512.0 27.9333
46712.0 27.9333
46922.0 13.9666
47121.0 13.9666
47319.0 27.9333
47512.0 27.9333
47715.0 23.5446
47904.0 54.87
48102.0 69.8891
48297.0 84.6875
48488.0 99.3344
48673.0 99.3344
48860.0 99.3344
49052.0 99.3344
49246.0 99.3344
49428.0 84.6875
49614.0 69.8891
49799.0 69.8891
49985.0 54.87
50165.0 39.5064
50351.0 23.5446
50532.0 27.9333
50715.0 27.9333
50892.0 13.9666
51066.0 13.9666
51244.0 27.9333
51416.0 41.8999
51591.0 39.5064
51767.0 54.87
51939.0 69.8891
52110.0 84.6875
52289.0 84.6875
52448.0 99.3344
52612.0 99.3344
52776.0 99.3344
52947.0 99.3344
53110.0 99.3344
53277.0 84.6875
53440.0 84.6875
53604.0 69.8891
53765.0 69.8891
53920.0 54.87
54081.0 39.5064
54238.0 39.5064
54399.0 41.8999
54553.0 27.9333
54706.0 27.9333
54864.0 13.9666
55008.0 13.9666
55168.0 27.9333
55319.0 27.9333
55470.0 41.8999
55615.0 23.5446
55756.0 39.5064
55912.0 54.87
56053.0 69.8891
56196.0 84.6875
56345.0 84.6875
56488.0 84.6875
56633.0 99.3344
56774.0 99.3344
56908.0 99.3344
57054.0 99.3344
57193.0 99.3344
57320.0 84.6875
57468.0 84.6875
57598.0 69.8891
57731.0 54.87
57873.0 54.87
58001.0 39.5064
58144.0 23.5446
58272.0 27.9333
58406.0 27.9333
58529.0 27.9333
58660.0 13.9666
58796.0 13.9666
58918.0 27.9333
59043.0 27.9333
59165.0 41.8999
59291.0 23.5446
59415.0 39.5064
59539.0 39.5064
59664.0 54.87
59779.0 54.87
59899.0 69.8891
60021.0 69.8891
60142.0 69.8891
60261.0 84.6875
60374.0 84.6875
60494.0 99.3344
60605.0 99.3344
60720.0 99.3344
60836.0 113.8716
60953.0 113.8716
61059.0 113.8716
61172.0 113.8716
61286.0 113.8716
61396.0 99.3344
61509.0 99.3344
61616.0 84.6875
61721.0 84.6875
61829.0 69.8891
61929.0 54.87
62040.0 39.5064
62146.0 39.5064
62253.0 41.8999
62353.0 27.9333
62460.0 27.9333
62552.0 27.9333
62662.0 27.9333
62756.0 13.9666
62859.0 13.9666
62956.0 13.9666
63057.0 13.9666
63151.0 27.9333
63249.0 27.9333
63346.0 27.9333
63445.0 27.9333
63539.0 41.8999
63629.0 23.5446
63725.0 39.5064
63824.0 39.5064
63912.0 54.87
63997.0 54.87
64086.0 69.8891
64181.0 69.8891
64278.0 84.6875
64357.0 84.6875
64450.0 99.3344
64531.0 99.3344
64623.0 99.3344
64709.0 113.8716
64798.0 94.4853
64879.0 94.4853
64970.0 94.4853
65053.0 94.4853
65129.0 94.4853
65216.0 94.4853
65295.0 113.8716
65376.0 99.3344
65455.0 99.3344
65533.0 84.6875
65617.0 84.6875
65693.0 69.8891
65780.0 69.8891
65851.0 54.87
65928.0 54.87
65993.0 39.5064
66077.0 39.5064
66150.0 39.5064
66223.0 23.5446
66296.0 41.8999
66373.0 27.9333
66450.0 27.9333
66523.0 27.9333
66594.0 27.9333
66665.0 27.9333
66739.0 13.9666
66811.0 13.9666
66873.0 13.9666
66949.0 13.9666
67005.0 13.9666
67072.0 13.9666
67147.0 13.9666
67212.0 13.9666
67282.0 27.9333
67349.0 27.9333
67414.0 27.9333
67479.0 27.9333
67543.0 27.9333
67604.0 41.8999
67669.0 23.5446
67729.0 23.5446
67787.0 39.5064
67862.0 39.5064
67916.0 39.5064
67981.0 54.87
68042.0 54.87
68108.0 69.8891
68161.0 69.8891
68222.0 69.8891
68284.0 84.6875
68335.0 84.6875
68388.0 84.6875
68451.0 99.3344
68505.0 99.3344
68575.0 99.3344
68634.0 113.8716
68679.0 113.8716
68733.0 94.4853
68793.0 94.4853
68845.0 94.4853
68900.0 94.4853
68955.0 94.4853
69008.0 94.4853
69057.0 94.4853
69116.0 113.8716
69161.0 113.8716
69218.0 113.8716
69265.0 99.3344
69313.0 99.3344
69361.0 99.3344
69413.0 99.3344
69464.0 84.6875
69517.0 84.6875
69562.0 84.6875
69615.0 69.8891
69661.0 69.8891
69709.0 69.8891
69756.0 54.87
69799.0 54.87
69847.0 54.87
69895.0 54.87
69946.0 39.5064
69988.0 39.5064
70025.0 39.5064
70070.0 39.5064
70118.0 23.5446
70157.0 41.8999
70207.0 41.8999
70247.0 41.8999
70298.0 27.9333
70335.0 27.9333
70379.0 27.9333
70417.0 27.9333
70461.0 27.9333
70495.0 27.9333
70542.0 27.9333
70589.0 27.9333
70614.0 27.9333
70663.0 13.9666
70702.0 13.9666
70738.0 13.9666
70781.0 13.9666
70821.0 13.9666
70857.0 13.9666
70898.0 13.9666
70932.0 13.9666
70965.0 13.9666
71012.0 13.9666
71047.0 13.9666
71083.0 13.9666
71121.0 13.9666
71151.0 13.9666
71189.0 13.9666
71227.0 13.9666
71263.0 27.9333
71298.0 27.9333
71331.0 27.9333
71364.0 27.9333
71398.0 27.9333
71432.0 27.9333
71464.0 27.9333
71499.0 27.9333
71529.0 27.9333
71567.0 27.9333
71589.0 27.9333
71625.0 27.9333
71668.0 27.9333
71688.0 41.8999
71724.0 41.8999
71751.0 23.5446
71778.0 39.5064
71812.0 39.5064
71847.0 39.5064
71880.0 39.5064
71904.0 39.5064
71932.0 54.87
71966.0 54.87
71986.0 54.87
72019.0 54.87
72048.0 69.8891
72076.0 69.8891
72107.0 54.87
72132.0 69.8891
72169.0 69.8891
72190.0 69.8891
72214.0 69.8891
72247.0 69.8891
72268.0 84.6875
72291.0 84.6875
72320.0 84.6875
72347.0 84.6875
72376.0 84.6875
72400.0 84.6875
72421.0 84.6875
72453.0 84.6875
72476.0 84.6875
72501.0 99.3344
72531.0 99.3344
72547.0 99.3344
72579.0 99.3344
72596.0 99.3344
72627.0 99.3344
72651.0 99.3344
72678.0 99.3344
72698.0 99.3344
72715.0 99.3344
72739.0 99.3344
72760.0 99.3344
72784.0 99.3344
72807.0 99.3344
72826.0 99.3344
72856.0 113.8716
72871.0 99.3344
72890.0 99.3344
72914.0 99.3344
72939.0 99.3344
72951.0 99.3344
72974.0 99.3344
72996.0 99.3344
73026.0 99.3344
73041.0 99.3344
73057.0 99.3344
73072.0 99.3344
73108.0 99.3344
73115.0 99.3344
73143.0 99.3344
73156.0 99.3344
73180.0 99.3344
73197.0 99.3344
73215.0 99.3344
73232.0 99.3344
73256.0 99.3344
73269.0 99.3344
73287.0 99.3344
73308.0 99.3344
73329.0 99.3344
73344.0 99.3344
73362.0 99.3344
73379.0 99.3344
73398.0 99.3344
73415.0 99.3344
73433.0 99.3344
73445.0 99.3344
73461.0 99.3344
73483.0 99.3344
73500.0 84.6875
73516.0 84.6875
73530.0 84.6875
73547.0 84.6875
73564.0 84.6875
73581.0 84.6875
73592.0 84.6875
73611.0 84.6875
73632.0 84.6875
73643.0 84.6875
73654.0 84.6875
73662.0 84.6875
73681.0 84.6875
73706.0 69.8891
73715.0 69.8891
73731.0 69.8891
73746.0 69.8891
73758.0 69.8891
73768.0 69.8891
73790.0 69.8891
73804.0 69.8891
73818.0 69.8891
73826.0 69.8891
73841.0 69.8891
73852.0 69.8891
73875.0 69.8891
73884.0 69.8891
73893.0 69.8891
73915.0 54.87
73926.0 54.87
73937.0 69.8891
73949.0 69.8891
73957.0 69.8891
73966.0 69.8891
73986.0 69.8891
74006.0 69.8891
