20470.0 27.9333
20402.0 27.9333
20494.0 27.9333
20614.0 27.9333
20741.0 27.9333
20855.0 27.9333
20971.0 27.9333
21097.0 41.8999
21221.0 39.5064
21334.0 39.5064
21485.0 69.8891
21642.0 84.6875
21768.0 99.3344
21922.0 113.8716
22057.0 109.7401
22194.0 124.8261
22329.0 139.7781
22461.0 139.7781
22550.0 139.7781
22671.0 139.7781
22782.0 139.7781
22888.0 124.8261
22988.0 124.8261
23053.0 109.7401
23131.0 109.7401
23207.0 109.7401
23277.0 109.7401
23339.0 99.3344
23291.0 113.8716
23090.0 109.7401
22830.0 139.7781
22638.0 139.7781
22476.0 139.7781
22361.0 124.8261
22335.0 139.7781
21996.0 109.7401
21399.0 69.8891
21011.0 23.5446
20750.0 27.9333
20635.0 27.9333
20726.0 27.9333
20849.0 27.9333
20970.0 41.8999
21149.0 41.8999
21326.0 39.5064
21494.0 69.8891
21667.0 84.6875
21844.0 99.3344
21995.0 94.4853
22137.0 109.7401
22299.0 124.8261
22446.0 139.7781
22573.0 139.7781
22710.0 139.7781
22844.0 139.7781
22960.0 139.7781
23033.0 124.8261
23104.0 124.8261
23151.0 109.7401
23184.0 109.7401
23190.0 109.7401
23294.0 109.7401
23602.0 84.6875
23896.0 39.5064
24195.0 27.9333
24485.0 13.9666
24780.0 27.9333
25078.0 41.8999
25363.0 54.87
25650.0 84.6875
25943.0 113.8716
26231.0 124.8261
26523.0 139.7781
26808.0 139.7781
27094.0 94.4853
27376.0 84.6875
27665.0 54.87
27948.0 41.8999
28228.0 27.9333
28514.0 13.9666
28791.0 27.9333
29073.0 41.8999
29342.0 54.87
29622.0 99.3344
29900.0 109.7401
30174.0 124.8261
30447.0 139.7781
30723.0 139.7781
30996.0 124.8261
31270.0 113.8716
31542.0 69.8891
31813.0 39.5064
32082.0 27.9333
32346.0 27.9333
32611.0 13.9666
32880.0 27.9333
33142.0 39.5064
33403.0 69.8891
33665.0 113.8716
33926.0 124.8261
34187.0 139.7781
34445.0 139.7781
34710.0 139.7781
34969.0 124.8261
35221.0 94.4853
35475.0 84.6875
35737.0 69.8891
35985.0 39.5064
36234.0 27.9333
36489.0 27.9333
36736.0 13.9666
36990.0 27.9333
37236.0 39.5064
37478.0 69.8891
37722.0 84.6875
37972.0 94.4853
38211.0 109.7401
38460.0 124.8261
38700.0 139.7781
38938.0 124.8261
39169.0 109.7401
39413.0 113.8716
39649.0 84.6875
39887.0 54.87
40123.0 23.5446
40356.0 27.9333
40589.0 13.9666
40821.0 27.9333
41056.0 41.8999
41278.0 39.5064
41511.0 69.8891
41738.0 99.3344
41962.0 94.4853
42184.0 109.7401
42413.0 124.8261
42639.0 124.8261
42861.0 124.8261
43086.0 109.7401
43304.0 113.8716
43516.0 84.6875
43736.0 69.8891
43954.0 39.5064
44163.0 27.9333
44378.0 13.9666
44594.0 13.9666
44802.0 27.9333
45014.0 41.8999
45227.0 39.5064
45430.0 69.8891
45641.0 84.6875
45847.0 99.3344
46055.0 94.4853
46265.0 124.8261
46465.0 124.8261
46662.0 139.7781
46868.0 124.8261
47061.0 124.8261
47269.0 109.7401
47459.0 99.3344
47663.0 69.8891
47853.0 54.87
48053.0 41.8999
48240.0 27.9333
48436.0 13.9666
48629.0 13.9666
48816.0 27.9333
49004.0 27.9333
49200.0 39.5064
49381.0 54.87
49566.0 84.6875
49751.0 99.3344
49932.0 94.4853
50117.0 124.8261
50308.0 124.8261
50484.0 139.7781
50664.0 139.7781
50844.0 124.8261
51017.0 109.7401
51196.0 113.8716
51376.0 84.6875
51556.0 69.8891
51717.0 54.87
51893.0 23.5446
52069.0 27.9333
52237.0 27.9333
52408.0 13.9666
52581.0 13.9666
52750.0 27.9333
52904.0 27.9333
53077.0 41.8999
53239.0 39.5064
53403.0 54.87
53561.0 84.6875
53730.0 99.3344
53881.0 94.4853
54046.0 124.8261
54203.0 124.8261
54365.0 139.7781
54518.0 139.7781
54671.0 139.7781
54831.0 124.8261
54982.0 109.7401
55136.0 113.8716
55286.0 99.3344
55441.0 69.8891
55590.0 54.87
55743.0 39.5064
55892.0 23.5446
56035.0 27.9333
56176.0 27.9333
56323.0 13.9666
56467.0 13.9666
56613.0 27.9333
56756.0 27.9333
56892.0 27.9333
57026.0 23.5446
57169.0 39.5064
57315.0 69.8891
57453.0 84.6875
57585.0 99.3344
57723.0 94.4853
57850.0 109.7401
57986.0 124.8261
58121.0 139.7781
58257.0 139.7781
58395.0 139.7781
58515.0 139.7781
58640.0 139.7781
58776.0 124.8261
58898.0 109.7401
59019.0 94.4853
59149.0 99.3344
59280.0 84.6875
59399.0 69.8891
59525.0 54.87
59649.0 39.5064
59771.0 39.5064
59890.0 23.5446
60009.0 41.8999
60126.0 27.9333
60242.0 27.9333
60360.0 27.9333
60481.0 13.9666
60591.0 13.9666
60706.0 27.9333
60827.0 27.9333
60942.0 27.9333
61046.0 23.5446
61164.0 39.5064
61272.0 54.87
61381.0 69.8891
61493.0 84.6875
61592.0 84.6875
61712.0 99.3344
61815.0 113.8716
61919.0 109.7401
62034.0 124.8261
62129.0 124.8261
62237.0 139.7781
62336.0 139.7781
62455.0 139.7781
62546.0 139.7781
62650.0 124.8261
62750.0 124.8261
62847.0 124.8261
62946.0 109.7401
63043.0 94.4853
63142.0 113.8716
63243.0 99.3344
63336.0 99.3344
63431.0 84.6875
63525.0 69.8891
63620.0 54.87
63714.0 54.87
63802.0 39.5064
63899.0 23.5446
63988.0 41.8999
64073.0 27.9333
64166.0 27.9333
64257.0 27.9333
64346.0 13.9666
64436.0 13.9666
64525.0 13.9666
64614.0 13.9666
64694.0 27.9333
64786.0 27.9333
64865.0 41.8999
64950.0 23.5446
65033.0 39.5064
65120.0 39.5064
65198.0 54.87
65287.0 69.8891
65364.0 69.8891
65444.0 84.6875
65526.0 99.3344
65597.0 94.4853
65683.0 109.7401
65761.0 109.7401
65836.0 109.7401
65912.0 124.8261
65989.0 124.8261
66070.0 124.8261
66146.0 124.8261
66219.0 124.8261
66292.0 124.8261
66368.0 124.8261
66442.0 139.7781
66514.0 139.7781
66586.0 124.8261
66654.0 124.8261
66728.0 124.8261
66804.0 124.8261
66866.0 124.8261
66943.0 109.7401
67007.0 109.7401
67076.0 109.7401
67139.0 94.4853
67212.0 113.8716
67277.0 99.3344
67343.0 99.3344
67413.0 84.6875
67465.0 84.6875
67541.0 69.8891
67602.0 54.87
67670.0 54.87
67728.0 39.5064
67794.0 39.5064
67849.0 23.5446
67911.0 41.8999
67976.0 27.9333
68038.0 27.9333
68102.0 27.9333
68151.0 27.9333
68218.0 13.9666
68270.0 13.9666
68336.0 13.9666
68389.0 13.9666
68454.0 13.9666
68501.0 13.9666
68563.0 27.9333
68620.0 27.9333
68671.0 27.9333
68727.0 41.8999
68787.0 41.8999
68841.0 23.5446
68893.0 23.5446
68951.0 39.5064
69001.0 39.5064
69056.0 54.87
69112.0 54.87
69158.0 54.87
69208.0 69.8891
69252.0 69.8891
69310.0 84.6875
69355.0 84.6875
69407.0 84.6875
69456.0 84.6875
69509.0 99.3344
69560.0 99.3344
69606.0 99.3344
69651.0 113.8716
69697.0 94.4853
69746.0 94.4853
69796.0 109.7401
69842.0 109.7401
69892.0 109.7401
69932.0 109.7401
69982.0 124.8261
70025.0 124.8261
70067.0 124.8261
70114.0 124.8261
70155.0 124.8261
70203.0 124.8261
70247.0 139.7781
70285.0 139.7781
70333.0 139.7781
70376.0 139.7781
70416.0 139.7781
70461.0 139.7781
70499.0 139.7781
70534.0 139.7781
70575.0 139.7781
70617.0 124.8261
70662.0 124.8261
70698.0 124.8261
70742.0 124.8261
70775.0 124.8261
70812.0 124.8261
70849.0 124.8261
70891.0 124.8261
70933.0 124.8261
70969.0 109.7401
71008.0 109.7401
71039.0 109.7401
71081.0 94.4853
71119.0 94.4853
71148.0 113.8716
71187.0 113.8716
71224.0 99.3344
71261.0 99.3344
71292.0 84.6875
71327.0 84.6875
71359.0 84.6875
71396.0 69.8891
71426.0 69.8891
71459.0 69.8891
71495.0 69.8891
71530.0 69.8891
71558.0 84.6875
71587.0 84.6875
71621.0 84.6875
71656.0 69.8891
71687.0 69.8891
71722.0 54.87
71750.0 54.87
71786.0 54.87
71823.0 39.5064
71847.0 39.5064
71881.0 39.5064
71904.0 39.5064
71935.0 39.5064
71966.0 23.5446
71990.0 23.5446
72022.0 41.8999
72041.0 41.8999
72079.0 27.9333
72105.0 27.9333
72132.0 27.9333
72158.0 27.9333
72189.0 27.9333
72215.0 27.9333
72243.0 27.9333
72270.0 27.9333
72290.0 27.9333
72315.0 13.9666
72346.0 13.9666
72367.0 13.9666
72402.0 13.9666
72421.0 13.9666
72453.0 13.9666
72476.0 13.9666
72496.0 13.9666
72531.0 13.9666
72545.0 13.9666
72573.0 13.9666
72597.0 13.9666
72623.0 13.9666
72645.0 13.9666
72667.0 27.9333
72691.0 27.9333
72713.0 27.9333
72737.0 27.9333
72759.0 27.9333
72777.0 27.9333
72805.0 41.8999
72824.0 41.8999
72853.0 41.8999
72868.0 41.8999
72895.0 41.8999
72915.0 23.5446
72932.0 23.5446
72961.0 39.5064
72975.0 39.5064
72995.0 39.5064
73023.0 39.5064
73039.0 39.5064
73062.0 39.5064
73081.0 39.5064
73106.0 39.5064
73118.0 39.5064
73136.0 39.5064
73158.0 39.5064
73173.0 39.5064
73202.0 39.5064
73217.0 39.5064
73234.0 39.5064
73254.0 39.5064
73262.0 39.5064
73286.0 54.87
73307.0 54.87
73332.0 54.87
73342.0 54.87
73365.0 54.87
73377.0 69.8891
73399.0 69.8891
73406.0 69.8891
73429.0 69.8891
73446.0 69.8891
73468.0 69.8891
73486.0 84.6875
73501.0 84.6875
73520.0 84.6875
73528.0 99.3344
73553.0 99.3344
73565.0 99.3344
73578.0 84.6875
73592.0 84.6875
73612.0 84.6875
73629.0 99.3344
73640.0 99.3344
73658.0 99.3344
73673.0 99.3344
73692.0 99.3344
73702.0 99.3344
73721.0 99.3344
73735.0 99.3344
73737.0 113.8716
73763.0 113.8716
73777.0 94.4853
73789.0 109.7401
73803.0 109.7401
73815.0 109.7401
73831.0 109.7401
73843.0 109.7401
73851.0 109.7401
73876.0 109.7401
73884.0 109.7401
73892.0 109.7401
73911.0 109.7401
73925.0 109.7401
73934.0 124.8261
73946.0 124.8261
73959.0 124.8261
73975.0 124.8261
73987.0 124.8261
74001.0 124.8261
