22866.0 113.8716
23002.0 99.3344
23118.0 84.6875
23214.0 69.8891
23285.0 69.8891
23352.0 54.87
23387.0 39.5064
23398.0 39.5064
23444.0 39.5064
23490.0 39.5064
23534.0 39.5064
23561.0 23.5446
23584.0 23.5446
23601.0 41.8999
23624.0 41.8999
23622.0 23.5446
23612.0 23.5446
23621.0 41.8999
23631.0 41.8999
23644.0 27.9333
23648.0 27.9333
23611.0 27.9333
23494.0 23.5446
23344.0 39.5064
23232.0 54.87
23130.0 69.8891
23081.0 84.6875
23050.0 84.6875
23057.0 99.3344
23081.0 99.3344
23093.0 84.6875
23138.0 84.6875
23163.0 84.6875
23191.0 84.6875
23221.0 84.6875
23271.0 69.8891
23232.0 69.8891
22956.0 99.3344
22812.0 113.8716
22790.0 94.4853
22790.0 94.4853
22857.0 99.3344
22926.0 84.6875
23025.0 84.6875
23080.0 84.6875
23172.0 69.8891
23230.0 69.8891
22891.0 84.6875
22543.0 109.7401
22268.0 124.8261
21952.0 124.8261
21656.0 109.7401
21412.0 94.4853
21250.0 99.3344
21148.0 84.6875
21086.0 69.8891
21073.0 84.6875
21234.0 99.3344
21424.0 113.8716
21613.0 109.7401
21805.0 109.7401
22026.0 124.8261
22239.0 124.8261
22431.0 124.8261
22594.0 124.8261
22664.0 109.7401
22884.0 113.8716
23184.0 84.6875
23480.0 39.5064
23786.0 27.9333
24077.0 13.9666
24379.0 27.9333
24667.0 23.5446
24968.0 69.8891
25253.0 99.3344
25543.0 109.7401
25842.0 124.8261
26132.0 139.7781
26421.0 124.8261
26712.0 109.7401
26999.0 84.6875
27290.0 54.87
27572.0 41.8999
27861.0 13.9666
28147.0 27.9333
28428.0 27.9333
28713.0 39.5064
28992.0 69.8891
29275.0 99.3344
29551.0 109.7401
29832.0 139.7781
30107.0 139.7781
30388.0 124.8261
30661.0 113.8716
30936.0 69.8891
31207.0 39.5064
31483.0 41.8999
31754.0 27.9333
32031.0 13.9666
32298.0 27.9333
32567.0 23.5446
32831.0 54.87
33099.0 84.6875
33369.0 109.7401
33628.0 124.8261
33897.0 139.7781
34155.0 139.7781
34419.0 109.7401
34675.0 99.3344
34937.0 69.8891
35197.0 39.5064
35455.0 41.8999
35704.0 27.9333
35961.0 13.9666
36213.0 27.9333
36472.0 23.5446
36718.0 54.87
36970.0 99.3344
37222.0 109.7401
37469.0 124.8261
37727.0 139.7781
37972.0 139.7781
38209.0 124.8261
38461.0 113.8716
38699.0 84.6875
38940.0 54.87
39180.0 39.5064
39419.0 27.9333
39663.0 27.9333
39899.0 13.9666
40134.0 27.9333
40380.0 41.8999
40605.0 54.87
40841.0 84.6875
41074.0 113.8716
41308.0 109.7401
41536.0 139.7781
41767.0 139.7781
41993.0 124.8261
42221.0 109.7401
42441.0 94.4853
42667.0 84.6875
42895.0 69.8891
43120.0 39.5064
43341.0 41.8999
43560.0 27.9333
43781.0 27.9333
43993.0 13.9666
44212.0 27.9333
44418.0 23.5446
44647.0 54.87
44860.0 84.6875
45068.0 99.3344
45282.0 109.7401
45492.0 124.8261
45695.0 124.8261
45907.0 139.7781
46123.0 124.8261
46322.0 109.7401
46526.0 94.4853
46727.0 99.3344
46933.0 69.8891
47139.0 54.87
47336.0 23.5446
47535.0 27.9333
47743.0 13.9666
47934.0 13.9666
48132.0 27.9333
48325.0 23.5446
48518.0 39.5064
48712.0 69.8891
48908.0 99.3344
49094.0 113.8716
49282.0 109.7401
49474.0 124.8261
49662.0 139.7781
49848.0 139.7781
50032.0 139.7781
50218.0 124.8261
50402.0 109.7401
50582.0 99.3344
50767.0 84.6875
50950.0 54.87
51121.0 39.5064
51309.0 41.8999
51479.0 27.9333
51662.0 13.9666
51830.0 13.9666
52009.0 27.9333
52186.0 41.8999
52353.0 39.5064
52521.0 54.87
52695.0 69.8891
52862.0 84.6875
53028.0 99.3344
53200.0 109.7401
53366.0 124.8261
53522.0 139.7781
53685.0 139.7781
53851.0 139.7781
54017.0 139.7781
54171.0 124.8261
54328.0 109.7401
54495.0 94.4853
54646.0 99.3344
54795.0 69.8891
54957.0 54.87
55109.0 39.5064
55270.0 41.8999
55414.0 27.9333
55569.0 27.9333
55719.0 13.9666
55870.0 13.9666
56021.0 27.9333
56156.0 41.8999
56308.0 23.5446
56454.0 54.87
56599.0 69.8891
56748.0 84.6875
56888.0 99.3344
57029.0 94.4853
57167.0 109.7401
57314.0 124.8261
57446.0 139.7781
57585.0 139.7781
57719.0 139.7781
57853.0 139.7781
57992.0 139.7781
58134.0 124.8261
58256.0 109.7401
58392.0 109.7401
58527.0 99.3344
58661.0 84.6875
58781.0 69.8891
58911.0 54.87
59040.0 39.5064
59173.0 23.5446
59290.0 27.9333
59421.0 27.9333
59546.0 27.9333
59673.0 13.9666
59800.0 13.9666
59916.0 27.9333
60040.0 27.9333
60157.0 41.8999
60270.0 23.5446
60392.0 39.5064
60517.0 54.87
60632.0 69.8891
60743.0 84.6875
60865.0 99.3344
60979.0 94.4853
61094.0 109.7401
61203.0 124.8261
61311.0 124.8261
61431.0 139.7781
61538.0 139.7781
61652.0 139.7781
61757.0 139.7781
61865.0 139.7781
61973.0 139.7781
62082.0 124.8261
62183.0 124.8261
62292.0 109.7401
62392.0 94.4853
62501.0 99.3344
62603.0 84.6875
62703.0 69.8891
62809.0 69.8891
62909.0 54.87
63008.0 39.5064
63100.0 23.5446
63206.0 41.8999
63304.0 27.9333
63393.0 27.9333
63498.0 27.9333
63591.0 27.9333
63683.0 13.9666
63780.0 13.9666
63871.0 13.9666
63970.0 27.9333
64057.0 27.9333
64149.0 27.9333
64240.0 41.8999
64320.0 23.5446
64421.0 39.5064
64502.0 39.5064
64595.0 54.87
64676.0 69.8891
64776.0 84.6875
64859.0 99.3344
64938.0 113.8716
65025.0 94.4853
65109.0 109.7401
65196.0 124.8261
65280.0 124.8261
65360.0 124.8261
65440.0 139.7781
65517.0 139.7781
65601.0 139.7781
65687.0 139.7781
65760.0 139.7781
65842.0 124.8261
65920.0 124.8261
65995.0 124.8261
66073.0 109.7401
66153.0 109.7401
66226.0 94.4853
66299.0 113.8716
66380.0 99.3344
66453.0 99.3344
66521.0 84.6875
66596.0 84.6875
66666.0 69.8891
66737.0 69.8891
66814.0 54.87
66879.0 39.5064
66949.0 23.5446
67021.0 23.5446
67093.0 41.8999
67161.0 27.9333
67234.0 27.9333
67298.0 27.9333
67361.0 27.9333
67428.0 27.9333
67502.0 13.9666
67559.0 13.9666
67623.0 13.9666
67689.0 13.9666
67753.0 13.9666
67814.0 27.9333
67873.0 27.9333
67936.0 27.9333
68005.0 27.9333
68072.0 41.8999
68131.0 23.5446
68186.0 39.5064
68246.0 39.5064
68307.0 54.87
68369.0 54.87
68425.0 54.87
68476.0 69.8891
68538.0 84.6875
68600.0 84.6875
68658.0 99.3344
68705.0 99.3344
68768.0 113.8716
68828.0 113.8716
68881.0 113.8716
68933.0 109.7401
68989.0 109.7401
69043.0 109.7401
69094.0 109.7401
69142.0 109.7401
69196.0 124.8261
69250.0 124.8261
69305.0 124.8261
69348.0 139.7781
69401.0 139.7781
69454.0 124.8261
69504.0 124.8261
69558.0 124.8261
69604.0 109.7401
69653.0 124.8261
69702.0 124.8261
69748.0 124.8261
69795.0 124.8261
69841.0 124.8261
69889.0 124.8261
69935.0 124.8261
69986.0 124.8261
70030.0 109.7401
70070.0 109.7401
70118.0 94.4853
70159.0 94.4853
70213.0 94.4853
70256.0 113.8716
70304.0 113.8716
70339.0 113.8716
70391.0 99.3344
70429.0 99.3344
70471.0 99.3344
70513.0 84.6875
70558.0 84.6875
70592.0 84.6875
70634.0 69.8891
70676.0 69.8891
70722.0 54.87
70759.0 54.87
70798.0 39.5064
70834.0 39.5064
70876.0 39.5064
70913.0 39.5064
70957.0 23.5446
70990.0 23.5446
71031.0 23.5446
71062.0 23.5446
71097.0 41.8999
71137.0 41.8999
71177.0 27.9333
71210.0 27.9333
71244.0 27.9333
71281.0 27.9333
71312.0 27.9333
71346.0 27.9333
71387.0 13.9666
71423.0 13.9666
71454.0 13.9666
71488.0 13.9666
71525.0 13.9666
71556.0 13.9666
71592.0 13.9666
71620.0 13.9666
71654.0 13.9666
71683.0 13.9666
71713.0 13.9666
71749.0 27.9333
71786.0 27.9333
71816.0 27.9333
71843.0 27.9333
71876.0 27.9333
71907.0 27.9333
71936.0 27.9333
71963.0 41.8999
71992.0 41.8999
72021.0 41.8999
72052.0 23.5446
72084.0 23.5446
72109.0 39.5064
72141.0 39.5064
72174.0 39.5064
72195.0 39.5064
72223.0 39.5064
72250.0 39.5064
72277.0 54.87
72304.0 54.87
72332.0 54.87
72355.0 54.87
72382.0 54.87
72411.0 69.8891
72438.0 69.8891
72464.0 69.8891
72491.0 69.8891
72508.0 84.6875
72539.0 84.6875
72562.0 84.6875
72589.0 84.6875
72614.0 99.3344
72639.0 99.3344
72667.0 99.3344
72694.0 99.3344
72703.0 99.3344
72735.0 113.8716
72754.0 113.8716
72777.0 94.4853
72802.0 94.4853
72825.0 113.8716
72845.0 113.8716
72872.0 99.3344
72886.0 99.3344
72911.0 99.3344
72935.0 99.3344
72959.0 113.8716
72979.0 113.8716
73000.0 113.8716
73017.0 113.8716
73040.0 113.8716
73066.0 94.4853
73085.0 94.4853
73105.0 94.4853
73127.0 109.7401
73144.0 109.7401
73156.0 109.7401
73194.0 109.7401
73202.0 109.7401
73226.0 109.7401
73250.0 109.7401
73264.0 109.7401
73294.0 109.7401
73303.0 109.7401
73323.0 109.7401
73341.0 109.7401
73356.0 109.7401
73372.0 109.7401
73387.0 124.8261
73411.0 124.8261
73426.0 124.8261
73448.0 124.8261
73460.0 124.8261
73484.0 124.8261
73505.0 124.8261
73519.0 124.8261
73528.0 124.8261
73549.0 124.8261
73559.0 124.8261
73571.0 124.8261
73591.0 124.8261
73610.0 124.8261
73625.0 124.8261
73645.0 124.8261
73657.0 124.8261
73677.0 124.8261
73684.0 124.8261
73703.0 124.8261
73715.0 124.8261
73734.0 124.8261
73744.0 124.8261
73765.0 124.8261
73782.0 124.8261
73793.0 124.8261
73811.0 124.8261
73826.0 124.8261
73836.0 124.8261
73855.0 124.8261
73858.0 124.8261
73873.0 124.8261
73892.0 124.8261
73908.0 124.8261
73920.0 124.8261
73931.0 124.8261
73950.0 124.8261
73957.0 124.8261
73963.0 124.8261
73982.0 124.8261
73997.0 124.8261
74007.0 124.8261
