20744.0 27.9333
20748.0 27.9333
20745.0 27.9333
20768.0 27.9333
20762.0 27.9333
20765.0 27.9333
20774.0 27.9333
20779.0 41.8999
20779.0 27.9333
20774.0 27.9333
20780.0 27.9333
20775.0 27.9333
20768.0 27.9333
20770.0 27.9333
20763.0 27.9333
20756.0 27.9333
20768.0 27.9333
20754.0 27.9333
20757.0 27.9333
20761.0 27.9333
20757.0 27.9333
20762.0 27.9333
20760.0 27.9333
20764.0 27.9333
20763.0 27.9333
20765.0 27.9333
20774.0 27.9333
20779.0 27.9333
20777.0 27.9333
20785.0 27.9333
20768.0 27.9333
20768.0 41.8999
20933.0 41.8999
21241.0 39.5064
21544.0 69.8891
21842.0 84.6875
22148.0 99.3344
22449.0 99.3344
22743.0 99.3344
23041.0 84.6875
23335.0 54.87
23633.0 41.8999
23938.0 27.9333
24224.0 13.9666
24516.0 13.9666
24805.0 27.9333
25103.0 23.5446
25394.0 54.87
25686.0 69.8891
25965.0 99.3344
26263.0 99.3344
26553.0 113.8716
26837.0 99.3344
27123.0 69.8891
27412.0 39.5064
27690.0 27.9333
27980.0 13.9666
28257.0 13.9666
28534.0 27.9333
28813.0 41.8999
29096.0 39.5064
29377.0 54.87
29658.0 69.8891
29934.0 84.6875
30202.0 94.4853
30484.0 94.4853
30757.0 113.8716
31029.0 84.6875
31299.0 54.87
31568.0 41.8999
31843.0 27.9333
32119.0 13.9666
32377.0 13.9666
32641.0 27.9333
32909.0 41.8999
33170.0 39.5064
33439.0 69.8891
33701.0 99.3344
33958.0 113.8716
34212.0 94.4853
34478.0 94.4853
34738.0 99.3344
34997.0 69.8891
35251.0 54.87
35514.0 23.5446
35764.0 27.9333
36015.0 27.9333
36262.0 13.9666
36511.0 13.9666
36763.0 27.9333
37017.0 23.5446
37266.0 54.87
37508.0 84.6875
37754.0 99.3344
37999.0 94.4853
38240.0 113.8716
38487.0 99.3344
38725.0 84.6875
38966.0 69.8891
39207.0 54.87
39442.0 39.5064
39679.0 41.8999
39913.0 27.9333
40143.0 13.9666
40377.0 13.9666
40611.0 27.9333
40845.0 41.8999
41073.0 39.5064
41307.0 69.8891
41528.0 84.6875
41763.0 99.3344
41986.0 99.3344
42204.0 99.3344
42431.0 99.3344
42653.0 84.6875
42877.0 69.8891
43097.0 54.87
43314.0 39.5064
43536.0 39.5064
43742.0 41.8999
43961.0 27.9333
44176.0 13.9666
44383.0 13.9666
44601.0 27.9333
44817.0 41.8999
45019.0 39.5064
45227.0 54.87
45440.0 69.8891
45643.0 84.6875
45850.0 99.3344
46061.0 99.3344
46259.0 99.3344
46459.0 84.6875
46662.0 84.6875
46862.0 84.6875
47072.0 69.8891
47256.0 54.87
47454.0 39.5064
47657.0 41.8999
47847.0 27.9333
48042.0 13.9666
48238.0 13.9666
48429.0 13.9666
48619.0 27.9333
48806.0 23.5446
48993.0 39.5064
49178.0 54.87
49366.0 69.8891
49554.0 69.8891
49732.0 84.6875
49916.0 84.6875
50092.0 84.6875
50273.0 99.3344
50451.0 99.3344
50635.0 84.6875
50809.0 84.6875
50985.0 69.8891
51167.0 54.87
51343.0 39.5064
51513.0 41.8999
51687.0 27.9333
51855.0 27.9333
52028.0 13.9666
52199.0 13.9666
52373.0 27.9333
52526.0 27.9333
52698.0 41.8999
52870.0 23.5446
53025.0 39.5064
53193.0 54.87
53352.0 54.87
53514.0 69.8891
53674.0 84.6875
53836.0 84.6875
53994.0 99.3344
54152.0 99.3344
54307.0 99.3344
54467.0 99.3344
54618.0 99.3344
54773.0 84.6875
54927.0 69.8891
55075.0 54.87
55225.0 39.5064
55382.0 23.5446
55523.0 27.9333
55669.0 27.9333
55820.0 13.9666
55968.0 13.9666
56104.0 13.9666
56258.0 27.9333
56401.0 27.9333
56537.0 27.9333
56678.0 41.8999
56819.0 23.5446
56958.0 39.5064
57092.0 39.5064
57230.0 54.87
57371.0 69.8891
57506.0 69.8891
57640.0 84.6875
57779.0 99.3344
57914.0 99.3344
58039.0 113.8716
58175.0 113.8716
58305.0 99.3344
58432.0 99.3344
58560.0 84.6875
58689.0 84.6875
58816.0 69.8891
58947.0 54.87
59069.0 39.5064
59196.0 39.5064
59322.0 41.8999
59441.0 27.9333
59564.0 27.9333
59694.0 27.9333
59804.0 27.9333
59924.0 13.9666
60043.0 13.9666
60157.0 13.9666
60276.0 27.9333
60395.0 27.9333
60508.0 27.9333
60625.0 27.9333
60737.0 41.8999
60850.0 23.5446
60966.0 39.5064
61073.0 54.87
61190.0 54.87
61298.0 69.8891
61409.0 84.6875
61516.0 84.6875
61620.0 99.3344
61730.0 99.3344
61839.0 113.8716
61947.0 113.8716
62049.0 94.4853
62155.0 113.8716
62255.0 99.3344
62356.0 99.3344
62461.0 99.3344
62558.0 84.6875
62654.0 69.8891
62759.0 69.8891
62862.0 54.87
62962.0 54.87
63062.0 39.5064
63149.0 39.5064
63246.0 23.5446
63348.0 41.8999
63442.0 27.9333
63529.0 27.9333
63625.0 27.9333
63722.0 27.9333
63820.0 27.9333
63901.0 13.9666
63994.0 13.9666
64087.0 13.9666
64173.0 27.9333
64268.0 27.9333
64350.0 27.9333
64434.0 27.9333
64524.0 27.9333
46253.0 41.8999
64693.0 23.5446
64780.0 39.5064
64871.0 39.5064
64951.0 54.87
65038.0 54.87
65117.0 69.8891
65190.0 69.8891
65284.0 84.6875
65355.0 84.6875
65440.0 99.3344
65523.0 99.3344
65598.0 99.3344
65674.0 113.8716
65755.0 113.8716
65834.0 113.8716
65910.0 113.8716
65985.0 113.8716
66055.0 99.3344
66130.0 99.3344
66207.0 99.3344
66288.0 99.3344
66354.0 84.6875
66426.0 84.6875
66504.0 84.6875
66571.0 69.8891
66644.0 69.8891
66715.0 69.8891
66787.0 54.87
66854.0 54.87
66925.0 54.87
66987.0 39.5064
67059.0 39.5064
67126.0 39.5064
67197.0 23.5446
67261.0 41.8999
67330.0 41.8999
67395.0 41.8999
67455.0 27.9333
67519.0 27.9333
67586.0 27.9333
67645.0 27.9333
67706.0 27.9333
67771.0 27.9333
67832.0 27.9333
67901.0 27.9333
67959.0 13.9666
68021.0 13.9666
68079.0 13.9666
68138.0 13.9666
68201.0 27.9333
68258.0 27.9333
68321.0 27.9333
68374.0 27.9333
68433.0 27.9333
68485.0 27.9333
68538.0 41.8999
68601.0 23.5446
68650.0 23.5446
68710.0 39.5064
68765.0 39.5064
68815.0 39.5064
68878.0 54.87
68930.0 54.87
68982.0 54.87
69036.0 69.8891
69091.0 69.8891
69137.0 84.6875
69192.0 84.6875
69237.0 84.6875
69294.0 84.6875
69346.0 84.6875
69394.0 99.3344
69448.0 99.3344
69492.0 99.3344
69546.0 99.3344
69589.0 99.3344
69638.0 99.3344
69687.0 99.3344
69730.0 99.3344
69780.0 99.3344
69827.0 99.3344
69878.0 99.3344
69921.0 99.3344
69965.0 99.3344
70010.0 99.3344
70054.0 99.3344
70100.0 99.3344
70137.0 99.3344
70189.0 84.6875
70225.0 84.6875
70275.0 84.6875
70313.0 84.6875
70357.0 84.6875
70403.0 84.6875
70442.0 84.6875
70485.0 69.8891
70523.0 69.8891
70561.0 69.8891
70608.0 69.8891
70645.0 69.8891
70693.0 69.8891
70727.0 69.8891
70764.0 54.87
70804.0 54.87
70845.0 54.87
70875.0 54.87
70923.0 54.87
70953.0 54.87
70991.0 39.5064
71036.0 39.5064
71067.0 39.5064
71108.0 39.5064
71142.0 39.5064
71173.0 39.5064
71212.0 39.5064
71247.0 39.5064
71276.0 39.5064
71317.0 39.5064
71350.0 39.5064
71380.0 23.5446
71412.0 23.5446
71451.0 23.5446
71488.0 23.5446
71513.0 41.8999
71546.0 41.8999
71580.0 41.8999
71611.0 27.9333
71636.0 27.9333
71671.0 27.9333
71703.0 27.9333
71733.0 27.9333
71770.0 27.9333
71797.0 27.9333
71831.0 27.9333
71859.0 27.9333
71892.0 27.9333
71921.0 27.9333
71952.0 13.9666
71975.0 13.9666
72002.0 13.9666
72037.0 13.9666
72059.0 13.9666
72093.0 13.9666
72124.0 13.9666
72146.0 13.9666
72174.0 13.9666
72202.0 27.9333
72230.0 27.9333
72253.0 27.9333
72288.0 27.9333
72316.0 27.9333
72335.0 27.9333
72363.0 27.9333
72395.0 27.9333
72411.0 27.9333
72435.0 27.9333
72469.0 27.9333
72488.0 41.8999
72515.0 41.8999
72541.0 41.8999
72562.0 41.8999
72586.0 23.5446
72610.0 23.5446
72641.0 23.5446
72656.0 23.5446
72687.0 39.5064
72709.0 39.5064
72736.0 39.5064
72754.0 39.5064
72776.0 39.5064
72796.0 39.5064
72813.0 39.5064
72843.0 54.87
72856.0 54.87
72879.0 54.87
72895.0 54.87
72925.0 54.87
72947.0 54.87
72967.0 54.87
72999.0 54.87
73012.0 54.87
73032.0 54.87
73047.0 54.87
73071.0 69.8891
73085.0 69.8891
73111.0 69.8891
73125.0 69.8891
73148.0 69.8891
73166.0 69.8891
73186.0 69.8891
73207.0 69.8891
73230.0 69.8891
73250.0 69.8891
73266.0 69.8891
73284.0 69.8891
73306.0 69.8891
73324.0 84.6875
73343.0 84.6875
73359.0 84.6875
73371.0 84.6875
73385.0 84.6875
73405.0 84.6875
73429.0 84.6875
73441.0 84.6875
73457.0 84.6875
73479.0 84.6875
73492.0 84.6875
73510.0 84.6875
73525.0 84.6875
73540.0 84.6875
73558.0 84.6875
73578.0 84.6875
73592.0 84.6875
73603.0 84.6875
73618.0 84.6875
73637.0 84.6875
73652.0 84.6875
73665.0 84.6875
73675.0 84.6875
73702.0 84.6875
73703.0 84.6875
73730.0 84.6875
73740.0 84.6875
73754.0 84.6875
73771.0 84.6875
73785.0 84.6875
73794.0 84.6875
73813.0 84.6875
73822.0 84.6875
73843.0 84.6875
73850.0 84.6875
73860.0 84.6875
73882.0 84.6875
73888.0 99.3344
73906.0 99.3344
73916.0 99.3344
73925.0 99.3344
73943.0 99.3344
73959.0 99.3344
73967.0 99.3344
73982.0 99.3344
73998.0 84.6875
74007.0 84.6875
