23360.0 113.8716
23374.0 99.3344
23376.0 99.3344
23387.0 113.8716
23411.0 113.8716
23428.0 109.7401
23442.0 109.7401
23428.0 113.8716
23441.0 94.4853
23464.0 109.7401
23481.0 109.7401
23505.0 109.7401
23520.0 109.7401
23539.0 109.7401
23554.0 109.7401
23566.0 124.8261
23579.0 124.8261
23591.0 124.8261
23575.0 124.8261
23576.0 124.8261
23596.0 124.8261
23631.0 124.8261
23643.0 124.8261
23642.0 124.8261
23659.0 124.8261
23679.0 124.8261
23707.0 124.8261
23708.0 124.8261
23652.0 124.8261
23524.0 109.7401
23640.0 124.8261
23951.0 139.7781
24251.0 139.7781
24545.0 109.7401
24832.0 69.8891
25129.0 54.87
25421.0 23.5446
25711.0 27.9333
26010.0 13.9666
26295.0 27.9333
26582.0 39.5064
26873.0 69.8891
27163.0 99.3344
27447.0 124.8261
27728.0 139.7781
28014.0 139.7781
28295.0 109.7401
28577.0 99.3344
28867.0 69.8891
29145.0 39.5064
29423.0 41.8999
29703.0 27.9333
29978.0 13.9666
30260.0 27.9333
30530.0 23.5446
30805.0 54.87
31084.0 84.6875
31356.0 94.4853
31625.0 124.8261
31899.0 139.7781
32168.0 139.7781
32435.0 124.8261
32704.0 109.7401
32970.0 84.6875
33228.0 54.87
33505.0 41.8999
33764.0 27.9333
34025.0 13.9666
34284.0 27.9333
34547.0 23.5446
34803.0 54.87
35066.0 99.3344
35324.0 109.7401
35579.0 139.7781
35830.0 139.7781
36087.0 139.7781
36337.0 124.8261
36589.0 94.4853
36847.0 69.8891
37091.0 54.87
37347.0 23.5446
37587.0 27.9333
37839.0 13.9666
38083.0 27.9333
38329.0 41.8999
38570.0 39.5064
38814.0 69.8891
39052.0 99.3344
39294.0 109.7401
39533.0 124.8261
39767.0 139.7781
40011.0 139.7781
40248.0 139.7781
40478.0 124.8261
40705.0 113.8716
40942.0 84.6875
41173.0 54.87
41407.0 23.5446
41640.0 27.9333
41866.0 13.9666
42087.0 27.9333
42321.0 27.9333
42541.0 23.5446
42764.0 54.87
42993.0 84.6875
43212.0 113.8716
43430.0 109.7401
43651.0 139.7781
43872.0 139.7781
44091.0 139.7781
44300.0 124.8261
44508.0 94.4853
44730.0 99.3344
44943.0 84.6875
45146.0 54.87
45371.0 23.5446
45572.0 27.9333
45781.0 13.9666
45989.0 27.9333
46200.0 27.9333
46400.0 23.5446
46606.0 54.87
46805.0 69.8891
47012.0 99.3344
47209.0 113.8716
47404.0 109.7401
47603.0 124.8261
47802.0 139.7781
48001.0 139.7781
48199.0 139.7781
48385.0 124.8261
48576.0 109.7401
48776.0 99.3344
48966.0 69.8891
49160.0 54.87
49338.0 39.5064
49526.0 27.9333
49721.0 27.9333
49903.0 13.9666
50082.0 27.9333
50268.0 27.9333
50451.0 41.8999
50629.0 39.5064
50810.0 69.8891
50992.0 84.6875
51169.0 113.8716
51343.0 109.7401
51523.0 124.8261
51700.0 139.7781
51874.0 139.7781
52043.0 139.7781
52211.0 124.8261
52387.0 109.7401
52553.0 94.4853
52717.0 99.3344
52892.0 84.6875
53059.0 54.87
53226.0 39.5064
53390.0 23.5446
53553.0 27.9333
53719.0 27.9333
53871.0 13.9666
54039.0 13.9666
54194.0 27.9333
54354.0 41.8999
54514.0 39.5064
54671.0 54.87
54826.0 69.8891
54989.0 99.3344
55134.0 113.8716
55287.0 109.7401
55441.0 124.8261
55594.0 124.8261
55744.0 139.7781
55890.0 124.8261
56036.0 124.8261
56189.0 124.8261
56328.0 109.7401
56478.0 94.4853
56625.0 99.3344
56765.0 99.3344
56902.0 84.6875
57052.0 54.87
57187.0 39.5064
57326.0 23.5446
57471.0 41.8999
57604.0 27.9333
57740.0 27.9333
57878.0 13.9666
58013.0 27.9333
58142.0 27.9333
58280.0 41.8999
58405.0 39.5064
58541.0 54.87
58670.0 69.8891
58801.0 84.6875
58923.0 99.3344
59054.0 113.8716
59185.0 109.7401
59316.0 109.7401
59438.0 124.8261
59557.0 124.8261
59685.0 124.8261
59806.0 124.8261
59927.0 124.8261
60049.0 124.8261
60166.0 124.8261
60289.0 109.7401
60408.0 94.4853
60529.0 99.3344
60646.0 99.3344
60763.0 84.6875
60874.0 69.8891
60987.0 54.87
61102.0 39.5064
61217.0 23.5446
61328.0 41.8999
61442.0 27.9333
61548.0 27.9333
61658.0 13.9666
61769.0 13.9666
61871.0 27.9333
61981.0 27.9333
62082.0 27.9333
62194.0 41.8999
62294.0 23.5446
62404.0 39.5064
62507.0 54.87
62607.0 69.8891
62709.0 69.8891
62814.0 84.6875
62912.0 99.3344
63007.0 113.8716
63111.0 94.4853
63211.0 109.7401
63308.0 109.7401
63405.0 109.7401
63503.0 124.8261
63593.0 124.8261
63690.0 124.8261
63791.0 139.7781
63875.0 139.7781
63973.0 124.8261
64066.0 124.8261
64155.0 124.8261
64250.0 124.8261
64332.0 109.7401
64422.0 94.4853
64512.0 113.8716
64601.0 99.3344
64689.0 84.6875
64780.0 69.8891
64863.0 54.87
64951.0 54.87
65039.0 39.5064
65114.0 23.5446
65196.0 41.8999
65287.0 27.9333
65364.0 27.9333
65447.0 27.9333
65524.0 13.9666
65603.0 13.9666
65687.0 13.9666
65771.0 13.9666
65848.0 27.9333
65925.0 27.9333
65998.0 27.9333
66080.0 41.8999
66148.0 41.8999
66227.0 23.5446
66303.0 39.5064
66376.0 39.5064
66447.0 54.87
40343.0 54.87
66599.0 69.8891
66661.0 84.6875
66733.0 84.6875
66809.0 99.3344
66880.0 99.3344
66951.0 113.8716
67012.0 94.4853
67088.0 109.7401
67150.0 109.7401
67220.0 124.8261
67285.0 124.8261
67351.0 124.8261
67418.0 124.8261
67483.0 139.7781
67551.0 139.7781
67617.0 139.7781
67675.0 139.7781
67743.0 139.7781
67801.0 139.7781
67865.0 139.7781
67931.0 124.8261
67990.0 124.8261
68062.0 124.8261
68113.0 124.8261
68172.0 109.7401
68233.0 109.7401
68298.0 109.7401
68358.0 94.4853
68414.0 113.8716
68471.0 99.3344
68529.0 99.3344
68584.0 84.6875
68645.0 84.6875
68697.0 69.8891
68755.0 54.87
68808.0 54.87
68865.0 39.5064
68919.0 39.5064
68975.0 23.5446
69023.0 23.5446
69084.0 41.8999
69133.0 27.9333
69181.0 27.9333
69235.0 27.9333
69287.0 27.9333
69345.0 27.9333
69392.0 27.9333
69441.0 13.9666
69487.0 13.9666
69537.0 13.9666
69586.0 13.9666
69637.0 13.9666
69684.0 13.9666
69740.0 13.9666
69784.0 27.9333
69821.0 27.9333
69873.0 27.9333
69917.0 27.9333
69961.0 27.9333
70011.0 27.9333
70056.0 27.9333
70107.0 41.8999
70150.0 41.8999
70189.0 23.5446
70233.0 23.5446
70273.0 39.5064
70324.0 39.5064
70370.0 39.5064
70410.0 54.87
70453.0 54.87
70493.0 54.87
70535.0 54.87
70574.0 69.8891
70615.0 69.8891
70653.0 84.6875
70694.0 84.6875
70728.0 84.6875
70769.0 84.6875
70803.0 99.3344
70851.0 99.3344
70892.0 99.3344
70934.0 113.8716
70966.0 113.8716
71007.0 94.4853
71044.0 109.7401
71079.0 109.7401
71115.0 109.7401
71154.0 109.7401
71187.0 124.8261
71225.0 124.8261
71262.0 124.8261
71298.0 124.8261
71336.0 124.8261
71366.0 139.7781
71394.0 139.7781
71440.0 139.7781
71466.0 139.7781
71499.0 139.7781
71532.0 139.7781
71570.0 139.7781
71604.0 139.7781
71636.0 139.7781
71661.0 139.7781
71696.0 139.7781
71731.0 139.7781
71757.0 139.7781
71795.0 139.7781
71826.0 139.7781
71852.0 139.7781
71883.0 124.8261
71912.0 124.8261
71945.0 124.8261
71974.0 124.8261
71999.0 124.8261
72030.0 109.7401
72056.0 109.7401
72085.0 109.7401
72115.0 109.7401
72144.0 109.7401
72180.0 109.7401
72200.0 109.7401
72231.0 94.4853
72254.0 94.4853
72285.0 113.8716
72315.0 99.3344
72342.0 99.3344
72362.0 99.3344
72394.0 99.3344
72413.0 99.3344
72443.0 99.3344
72474.0 99.3344
72493.0 99.3344
72519.0 84.6875
72541.0 84.6875
72570.0 84.6875
72593.0 84.6875
72613.0 69.8891
72642.0 69.8891
72665.0 69.8891
72691.0 54.87
72705.0 54.87
72732.0 54.87
72763.0 54.87
72782.0 39.5064
72804.0 39.5064
72825.0 39.5064
72854.0 39.5064
72877.0 39.5064
72891.0 39.5064
72912.0 39.5064
72937.0 23.5446
72959.0 23.5446
72973.0 23.5446
72998.0 23.5446
73018.0 23.5446
73044.0 23.5446
73057.0 41.8999
73074.0 41.8999
73105.0 41.8999
73120.0 27.9333
73139.0 27.9333
73165.0 27.9333
73185.0 27.9333
73204.0 27.9333
73216.0 27.9333
73236.0 27.9333
73259.0 27.9333
73270.0 27.9333
73299.0 27.9333
73313.0 27.9333
73330.0 27.9333
73350.0 27.9333
73360.0 27.9333
73388.0 13.9666
73402.0 13.9666
73419.0 13.9666
73443.0 13.9666
73457.0 13.9666
73474.0 13.9666
73486.0 13.9666
73500.0 13.9666
73520.0 13.9666
73539.0 13.9666
73557.0 13.9666
73571.0 13.9666
73589.0 13.9666
73601.0 13.9666
73620.0 13.9666
73632.0 13.9666
73649.0 13.9666
73661.0 13.9666
73680.0 13.9666
73695.0 13.9666
73716.0 27.9333
73724.0 27.9333
73736.0 27.9333
73753.0 27.9333
73770.0 27.9333
73789.0 27.9333
73797.0 27.9333
73815.0 27.9333
73822.0 27.9333
73840.0 27.9333
73852.0 27.9333
73864.0 27.9333
73880.0 27.9333
73892.0 27.9333
73905.0 27.9333
73917.0 27.9333
73936.0 27.9333
73949.0 27.9333
73963.0 27.9333
73966.0 27.9333
73980.0 27.9333
73998.0 27.9333
74008.0 41.8999
