21031.0 39.5064
21214.0 23.5446
21399.0 41.8999
21605.0 27.9333
21803.0 27.9333
21989.0 27.9333
22097.0 27.9333
22121.0 27.9333
22111.0 27.9333
22128.0 27.9333
22161.0 27.9333
22208.0 27.9333
22244.0 27.9333
22367.0 27.9333
22471.0 41.8999
22584.0 41.8999
22652.0 23.5446
22745.0 23.5446
22850.0 39.5064
22946.0 39.5064
23021.0 54.87
23127.0 54.87
23227.0 69.8891
23316.0 69.8891
23391.0 84.6875
23391.0 84.6875
23216.0 84.6875
23053.0 69.8891
23003.0 54.87
22920.0 54.87
22880.0 39.5064
22822.0 39.5064
22849.0 39.5064
22794.0 39.5064
22855.0 39.5064
22982.0 54.87
23042.0 54.87
23127.0 54.87
23242.0 69.8891
23317.0 99.3344
23526.0 99.3344
23826.0 113.8716
24127.0 99.3344
24418.0 84.6875
24711.0 69.8891
25001.0 39.5064
25297.0 41.8999
25590.0 27.9333
25880.0 13.9666
26166.0 13.9666
26452.0 27.9333
26735.0 39.5064
27020.0 69.8891
27310.0 84.6875
27600.0 99.3344
27878.0 113.8716
28162.0 99.3344
28439.0 54.87
28719.0 39.5064
29002.0 39.5064
29278.0 27.9333
29552.0 27.9333
29835.0 13.9666
30105.0 27.9333
30384.0 23.5446
30662.0 69.8891
30929.0 84.6875
31196.0 99.3344
31464.0 99.3344
31741.0 99.3344
32007.0 99.3344
32269.0 84.6875
32536.0 69.8891
32805.0 54.87
33071.0 23.5446
33337.0 41.8999
33601.0 27.9333
33862.0 13.9666
34122.0 27.9333
34379.0 39.5064
34635.0 54.87
34892.0 84.6875
35148.0 84.6875
35408.0 99.3344
35660.0 99.3344
35914.0 99.3344
36167.0 84.6875
36426.0 69.8891
36671.0 54.87
36927.0 39.5064
37169.0 27.9333
37408.0 13.9666
37663.0 13.9666
37905.0 27.9333
38143.0 41.8999
38390.0 39.5064
38636.0 54.87
38878.0 69.8891
39114.0 84.6875
39352.0 99.3344
39589.0 99.3344
39826.0 99.3344
40056.0 84.6875
40289.0 69.8891
40523.0 39.5064
40755.0 41.8999
40985.0 27.9333
41206.0 27.9333
41442.0 13.9666
41665.0 27.9333
41887.0 27.9333
42117.0 23.5446
42339.0 39.5064
42556.0 54.87
42782.0 69.8891
43006.0 84.6875
43224.0 99.3344
43443.0 99.3344
43660.0 113.8716
43877.0 99.3344
44089.0 99.3344
44301.0 84.6875
44516.0 54.87
44725.0 39.5064
44936.0 27.9333
45140.0 27.9333
45348.0 13.9666
45559.0 13.9666
45766.0 27.9333
45972.0 27.9333
46181.0 23.5446
46373.0 39.5064
46581.0 54.87
46778.0 69.8891
46980.0 84.6875
47177.0 99.3344
47371.0 113.8716
47570.0 94.4853
47767.0 113.8716
47962.0 99.3344
48155.0 84.6875
48352.0 54.87
48531.0 39.5064
48725.0 41.8999
48923.0 27.9333
49106.0 27.9333
49294.0 13.9666
49479.0 13.9666
49661.0 13.9666
49842.0 27.9333
50028.0 27.9333
50206.0 41.8999
50382.0 39.5064
50564.0 54.87
50743.0 69.8891
50927.0 84.6875
51102.0 99.3344
51273.0 113.8716
51443.0 94.4853
51620.0 94.4853
51789.0 113.8716
51963.0 99.3344
52128.0 84.6875
52301.0 69.8891
52470.0 54.87
52628.0 39.5064
52798.0 23.5446
52970.0 41.8999
53129.0 27.9333
53297.0 27.9333
53456.0 13.9666
53614.0 13.9666
53778.0 13.9666
53936.0 27.9333
54091.0 27.9333
54248.0 23.5446
54406.0 39.5064
54560.0 54.87
54717.0 69.8891
54870.0 84.6875
55021.0 99.3344
55169.0 113.8716
55321.0 113.8716
55470.0 113.8716
55620.0 113.8716
55769.0 99.3344
55913.0 99.3344
56061.0 84.6875
56208.0 69.8891
56488.0 54.87
56628.0 39.5064
56775.0 41.8999
56915.0 27.9333
57050.0 27.9333
57189.0 27.9333
57326.0 13.9666
57468.0 13.9666
57596.0 13.9666
57734.0 13.9666
57870.0 27.9333
57999.0 27.9333
58133.0 41.8999
58262.0 39.5064
58395.0 54.87
58515.0 54.87
58651.0 69.8891
58777.0 84.6875
58901.0 84.6875
59030.0 99.3344
59157.0 99.3344
59277.0 99.3344
59402.0 99.3344
59526.0 99.3344
59646.0 99.3344
59770.0 99.3344
59886.0 84.6875
59998.0 84.6875
60117.0 69.8891
60239.0 69.8891
60357.0 54.87
60479.0 54.87
60582.0 39.5064
60702.0 39.5064
60813.0 23.5446
60935.0 41.8999
61041.0 27.9333
61148.0 27.9333
61261.0 27.9333
61368.0 13.9666
61482.0 13.9666
61594.0 13.9666
61687.0 13.9666
61797.0 27.9333
61899.0 27.9333
62007.0 41.8999
62111.0 23.5446
62215.0 39.5064
62318.0 39.5064
62420.0 54.87
62525.0 54.87
62621.0 69.8891
62725.0 69.8891
62821.0 84.6875
62928.0 84.6875
63025.0 84.6875
63120.0 84.6875
63214.0 99.3344
63310.0 99.3344
63399.0 99.3344
63495.0 99.3344
63592.0 99.3344
63686.0 99.3344
63773.0 99.3344
63871.0 99.3344
63960.0 99.3344
64053.0 84.6875
64135.0 84.6875
64226.0 84.6875
64317.0 69.8891
64407.0 69.8891
64490.0 54.87
64576.0 54.87
64667.0 39.5064
64748.0 39.5064
64835.0 23.5446
64923.0 41.8999
64999.0 27.9333
65073.0 27.9333
65159.0 27.9333
65248.0 13.9666
65324.0 13.9666
65402.0 13.9666
65482.0 13.9666
65569.0 13.9666
65644.0 13.9666
65717.0 27.9333
65797.0 27.9333
65873.0 27.9333
65954.0 41.8999
66024.0 41.8999
66102.0 23.5446
66176.0 39.5064
66246.0 39.5064
66330.0 39.5064
66395.0 54.87
66466.0 54.87
66530.0 54.87
66610.0 69.8891
66678.0 69.8891
66750.0 69.8891
66815.0 84.6875
66879.0 84.6875
66956.0 84.6875
67022.0 84.6875
67087.0 84.6875
67159.0 99.3344
67226.0 99.3344
67288.0 99.3344
67354.0 99.3344
67417.0 99.3344
67483.0 99.3344
67548.0 99.3344
67607.0 99.3344
67680.0 99.3344
67735.0 99.3344
67797.0 99.3344
67863.0 99.3344
67921.0 99.3344
67977.0 99.3344
68036.0 99.3344
68104.0 84.6875
68160.0 84.6875
68220.0 84.6875
68277.0 69.8891
68336.0 69.8891
68392.0 69.8891
68446.0 69.8891
68502.0 69.8891
68560.0 54.87
68610.0 54.87
68673.0 54.87
68724.0 39.5064
68782.0 39.5064
68839.0 23.5446
68892.0 41.8999
68942.0 41.8999
68997.0 27.9333
69044.0 27.9333
69102.0 27.9333
69148.0 27.9333
69201.0 27.9333
69252.0 13.9666
69306.0 13.9666
69349.0 13.9666
69399.0 13.9666
69449.0 13.9666
69494.0 13.9666
69547.0 13.9666
69592.0 13.9666
69641.0 13.9666
69688.0 13.9666
69733.0 27.9333
69781.0 27.9333
69827.0 27.9333
69872.0 27.9333
69920.0 27.9333
69962.0 27.9333
70007.0 27.9333
70053.0 41.8999
70095.0 41.8999
70134.0 41.8999
70187.0 23.5446
70220.0 23.5446
70275.0 23.5446
70315.0 23.5446
70356.0 39.5064
70397.0 39.5064
70437.0 39.5064
70479.0 39.5064
70522.0 39.5064
70562.0 54.87
70597.0 54.87
70634.0 54.87
70683.0 54.87
70724.0 54.87
70749.0 69.8891
70796.0 69.8891
70831.0 69.8891
70870.0 69.8891
70908.0 69.8891
70950.0 84.6875
70983.0 84.6875
71017.0 84.6875
71057.0 84.6875
71088.0 84.6875
71135.0 84.6875
71170.0 99.3344
71195.0 99.3344
71235.0 99.3344
71267.0 99.3344
71302.0 99.3344
71331.0 99.3344
71367.0 99.3344
71408.0 113.8716
71440.0 113.8716
71471.0 113.8716
71504.0 113.8716
71530.0 113.8716
71567.0 113.8716
71603.0 94.4853
71634.0 94.4853
71661.0 94.4853
71696.0 94.4853
71727.0 94.4853
71756.0 113.8716
71783.0 113.8716
71814.0 113.8716
71843.0 113.8716
71875.0 113.8716
71907.0 113.8716
71938.0 99.3344
71969.0 99.3344
71991.0 99.3344
72022.0 99.3344
72051.0 99.3344
72080.0 99.3344
72110.0 99.3344
72137.0 84.6875
72156.0 84.6875
72189.0 84.6875
72218.0 84.6875
72243.0 84.6875
72263.0 84.6875
72294.0 69.8891
72320.0 69.8891
72344.0 69.8891
72371.0 69.8891
72396.0 69.8891
72426.0 54.87
72450.0 54.87
72478.0 54.87
72499.0 54.87
72524.0 54.87
72546.0 54.87
72572.0 39.5064
72597.0 39.5064
72619.0 39.5064
72640.0 39.5064
72657.0 39.5064
72690.0 39.5064
72713.0 39.5064
72737.0 23.5446
72755.0 23.5446
72782.0 23.5446
72804.0 23.5446
72823.0 23.5446
72849.0 41.8999
72864.0 41.8999
72887.0 41.8999
72905.0 41.8999
72933.0 41.8999
72953.0 27.9333
72967.0 27.9333
72991.0 27.9333
73005.0 27.9333
73035.0 27.9333
73059.0 27.9333
73064.0 27.9333
73093.0 27.9333
73107.0 27.9333
73132.0 27.9333
73147.0 27.9333
73160.0 27.9333
73193.0 27.9333
73204.0 27.9333
73224.0 27.9333
73238.0 27.9333
73259.0 27.9333
73280.0 27.9333
73296.0 27.9333
73315.0 27.9333
73334.0 13.9666
73350.0 13.9666
73372.0 13.9666
73385.0 13.9666
73397.0 13.9666
73413.0 13.9666
73440.0 13.9666
73454.0 13.9666
73477.0 13.9666
73487.0 13.9666
73496.0 13.9666
73513.0 13.9666
73535.0 13.9666
73549.0 13.9666
73569.0 13.9666
73579.0 13.9666
73595.0 13.9666
73614.0 13.9666
73626.0 13.9666
73641.0 13.9666
73659.0 13.9666
73672.0 13.9666
73691.0 13.9666
73708.0 13.9666
73717.0 13.9666
73736.0 13.9666
73740.0 13.9666
73754.0 27.9333
73776.0 27.9333
73793.0 27.9333
73802.0 27.9333
73812.0 27.9333
73829.0 27.9333
73845.0 13.9666
73849.0 13.9666
73867.0 27.9333
73879.0 27.9333
73889.0 27.9333
73905.0 27.9333
73916.0 27.9333
73926.0 27.9333
73941.0 27.9333
73950.0 27.9333
73966.0 27.9333
73981.0 27.9333
74000.0 27.9333
74010.0 27.9333
