19482.0 13.9666
19486.0 13.9666
19485.0 27.9333
19489.0 27.9333
19488.0 13.9666
19496.0 13.9666
19491.0 13.9666
19495.0 13.9666
19504.0 13.9666
19506.0 13.9666
19512.0 13.9666
19512.0 27.9333
19520.0 13.9666
19527.0 13.9666
19536.0 13.9666
19533.0 13.9666
19536.0 13.9666
19538.0 13.9666
19547.0 13.9666
19540.0 13.9666
19551.0 13.9666
19542.0 27.9333
19545.0 13.9666
19548.0 27.9333
19554.0 13.9666
19554.0 27.9333
19560.0 13.9666
19580.0 13.9666
19882.0 27.9333
20188.0 39.5064
20492.0 69.8891
20802.0 84.6875
21102.0 99.3344
21409.0 99.3344
21701.0 84.6875
22010.0 69.8891
22305.0 54.87
22603.0 39.5064
22902.0 41.8999
23200.0 27.9333
23494.0 13.9666
23799.0 27.9333
24090.0 39.5064
24382.0 69.8891
24677.0 84.6875
24971.0 99.3344
25264.0 99.3344
25551.0 99.3344
25839.0 84.6875
26127.0 69.8891
26418.0 39.5064
26701.0 23.5446
26988.0 27.9333
27271.0 13.9666
27561.0 27.9333
27836.0 41.8999
28116.0 39.5064
28405.0 69.8891
28686.0 84.6875
28954.0 99.3344
29245.0 99.3344
29517.0 99.3344
29786.0 84.6875
30069.0 69.8891
30343.0 39.5064
30618.0 41.8999
30892.0 27.9333
31168.0 13.9666
31430.0 13.9666
31699.0 41.8999
31967.0 39.5064
32237.0 54.87
32501.0 69.8891
32765.0 84.6875
33030.0 99.3344
33293.0 99.3344
33564.0 99.3344
33825.0 84.6875
34083.0 69.8891
34342.0 39.5064
34596.0 27.9333
34854.0 13.9666
35103.0 13.9666
35362.0 13.9666
35622.0 27.9333
35876.0 41.8999
36123.0 39.5064
36373.0 54.87
36619.0 84.6875
36871.0 99.3344
37120.0 113.8716
37368.0 113.8716
37609.0 99.3344
37856.0 84.6875
38100.0 69.8891
38343.0 39.5064
38585.0 41.8999
38820.0 27.9333
39063.0 13.9666
39304.0 13.9666
39542.0 27.9333
39776.0 27.9333
40006.0 23.5446
40238.0 39.5064
40476.0 69.8891
40703.0 84.6875
40929.0 99.3344
41166.0 94.4853
41387.0 113.8716
41621.0 99.3344
41845.0 69.8891
42071.0 54.87
42294.0 23.5446
42519.0 27.9333
42738.0 27.9333
42955.0 13.9666
43182.0 13.9666
43394.0 13.9666
43611.0 27.9333
43827.0 27.9333
44038.0 23.5446
44256.0 39.5064
44466.0 69.8891
44681.0 84.6875
44891.0 99.3344
45096.0 113.8716
45307.0 99.3344
45514.0 99.3344
45720.0 84.6875
45925.0 69.8891
46130.0 54.87
46332.0 39.5064
46533.0 41.8999
46739.0 27.9333
46933.0 27.9333
47140.0 13.9666
47327.0 13.9666
47525.0 13.9666
47721.0 27.9333
47917.0 41.8999
48108.0 39.5064
48298.0 54.87
48491.0 84.6875
48682.0 84.6875
48857.0 99.3344
49060.0 99.3344
49242.0 99.3344
49427.0 84.6875
49608.0 84.6875
49793.0 69.8891
49976.0 69.8891
50163.0 54.87
50338.0 39.5064
50520.0 39.5064
50696.0 41.8999
50874.0 27.9333
51049.0 27.9333
51219.0 13.9666
51391.0 13.9666
51564.0 13.9666
51747.0 27.9333
51906.0 41.8999
52076.0 39.5064
52248.0 54.87
52414.0 69.8891
52581.0 69.8891
52747.0 84.6875
52910.0 84.6875
53079.0 84.6875
53240.0 84.6875
53403.0 84.6875
53558.0 84.6875
53720.0 84.6875
53875.0 69.8891
54042.0 69.8891
54195.0 54.87
54349.0 39.5064
54508.0 39.5064
54660.0 41.8999
54811.0 27.9333
54962.0 27.9333
55111.0 13.9666
55261.0 13.9666
55416.0 27.9333
55564.0 27.9333
55705.0 41.8999
55856.0 23.5446
56003.0 39.5064
56139.0 54.87
56286.0 54.87
56421.0 69.8891
56572.0 69.8891
56719.0 84.6875
56855.0 84.6875
56987.0 84.6875
57129.0 84.6875
57265.0 84.6875
57403.0 84.6875
57530.0 84.6875
57671.0 84.6875
57801.0 69.8891
57940.0 69.8891
58075.0 69.8891
58207.0 54.87
58334.0 39.5064
58467.0 23.5446
58586.0 41.8999
58713.0 27.9333
58838.0 27.9333
58975.0 13.9666
59096.0 13.9666
59216.0 13.9666
59338.0 13.9666
59463.0 27.9333
59592.0 27.9333
59706.0 27.9333
59827.0 41.8999
59955.0 23.5446
60070.0 39.5064
60181.0 39.5064
60301.0 54.87
60416.0 69.8891
60530.0 69.8891
60651.0 84.6875
60754.0 84.6875
60869.0 84.6875
60982.0 84.6875
61095.0 99.3344
61206.0 99.3344
61318.0 99.3344
61419.0 99.3344
61529.0 99.3344
61629.0 99.3344
61743.0 84.6875
61854.0 84.6875
61950.0 69.8891
62062.0 69.8891
62167.0 54.87
62271.0 39.5064
62369.0 39.5064
62476.0 23.5446
62573.0 41.8999
62670.0 27.9333
62770.0 27.9333
62868.0 27.9333
62972.0 13.9666
63059.0 13.9666
63161.0 13.9666
63254.0 13.9666
63347.0 13.9666
63439.0 27.9333
63541.0 27.9333
63631.0 27.9333
63727.0 27.9333
63815.0 41.8999
63899.0 23.5446
64003.0 39.5064
64091.0 39.5064
64174.0 54.87
64263.0 54.87
64356.0 69.8891
64445.0 69.8891
64533.0 69.8891
64614.0 84.6875
64701.0 84.6875
64790.0 84.6875
64869.0 99.3344
64950.0 99.3344
65035.0 99.3344
65119.0 99.3344
65203.0 113.8716
65282.0 113.8716
65360.0 99.3344
65436.0 99.3344
65519.0 99.3344
65600.0 99.3344
65679.0 84.6875
65756.0 84.6875
65834.0 69.8891
65900.0 69.8891
65982.0 54.87
66061.0 54.87
66131.0 54.87
66214.0 39.5064
66280.0 39.5064
66353.0 23.5446
66431.0 41.8999
66506.0 41.8999
66581.0 27.9333
66642.0 27.9333
66710.0 27.9333
66778.0 27.9333
66849.0 27.9333
66920.0 13.9666
66989.0 13.9666
67057.0 13.9666
67125.0 13.9666
67193.0 13.9666
67254.0 13.9666
67320.0 13.9666
67391.0 27.9333
67454.0 27.9333
67513.0 27.9333
67579.0 27.9333
67639.0 27.9333
67704.0 27.9333
67767.0 41.8999
67831.0 41.8999
67886.0 23.5446
67948.0 39.5064
68012.0 39.5064
68071.0 39.5064
68132.0 54.87
68193.0 54.87
68253.0 54.87
68306.0 69.8891
68366.0 69.8891
68423.0 69.8891
68483.0 84.6875
68532.0 84.6875
68592.0 84.6875
68644.0 84.6875
68702.0 99.3344
68757.0 99.3344
68806.0 99.3344
68861.0 99.3344
68919.0 99.3344
68974.0 113.8716
69020.0 113.8716
69070.0 113.8716
69131.0 99.3344
69173.0 99.3344
69222.0 99.3344
69273.0 99.3344
69326.0 99.3344
69379.0 99.3344
69426.0 99.3344
69480.0 99.3344
69529.0 99.3344
69573.0 84.6875
69627.0 84.6875
69669.0 84.6875
69717.0 84.6875
69762.0 69.8891
69802.0 69.8891
69854.0 69.8891
69896.0 69.8891
69938.0 54.87
69991.0 54.87
70031.0 54.87
70071.0 54.87
70119.0 54.87
70160.0 39.5064
70204.0 39.5064
70244.0 39.5064
70285.0 39.5064
70334.0 23.5446
70371.0 23.5446
70418.0 23.5446
70457.0 23.5446
70500.0 41.8999
70544.0 41.8999
70570.0 41.8999
70622.0 27.9333
70658.0 27.9333
70696.0 27.9333
70726.0 27.9333
70768.0 27.9333
70809.0 27.9333
70848.0 27.9333
70887.0 27.9333
70922.0 27.9333
70964.0 27.9333
70995.0 27.9333
71031.0 13.9666
71064.0 13.9666
71104.0 13.9666
71141.0 13.9666
71173.0 13.9666
71213.0 13.9666
71237.0 13.9666
71271.0 13.9666
71305.0 13.9666
71337.0 13.9666
71374.0 13.9666
71410.0 27.9333
71445.0 27.9333
71472.0 27.9333
71508.0 27.9333
71535.0 27.9333
71566.0 27.9333
71601.0 27.9333
71633.0 27.9333
71664.0 27.9333
71696.0 27.9333
71725.0 27.9333
71758.0 41.8999
71784.0 41.8999
71820.0 41.8999
71850.0 23.5446
71885.0 23.5446
71911.0 23.5446
71937.0 39.5064
71958.0 39.5064
71990.0 39.5064
72020.0 39.5064
72049.0 39.5064
72075.0 39.5064
72098.0 54.87
72129.0 54.87
72158.0 54.87
72187.0 54.87
72218.0 54.87
72239.0 54.87
72268.0 69.8891
72288.0 69.8891
72315.0 69.8891
72346.0 69.8891
72368.0 69.8891
72390.0 69.8891
72413.0 84.6875
72443.0 84.6875
72468.0 84.6875
72490.0 84.6875
72513.0 84.6875
72551.0 84.6875
72568.0 84.6875
72593.0 84.6875
72604.0 84.6875
72625.0 99.3344
72657.0 99.3344
72684.0 99.3344
72705.0 99.3344
72725.0 99.3344
72748.0 99.3344
72773.0 99.3344
72795.0 99.3344
72818.0 99.3344
72833.0 99.3344
72858.0 99.3344
72882.0 99.3344
72897.0 99.3344
72922.0 99.3344
72943.0 99.3344
72964.0 99.3344
72986.0 99.3344
73005.0 99.3344
73024.0 99.3344
73045.0 99.3344
73059.0 99.3344
73091.0 99.3344
73107.0 99.3344
73129.0 99.3344
73142.0 99.3344
73161.0 99.3344
73179.0 99.3344
73195.0 99.3344
73215.0 99.3344
73232.0 99.3344
73250.0 99.3344
73269.0 99.3344
73290.0 99.3344
73306.0 99.3344
73329.0 99.3344
73342.0 99.3344
73359.0 99.3344
73377.0 99.3344
73391.0 99.3344
73414.0 99.3344
73425.0 99.3344
73447.0 99.3344
73467.0 99.3344
73470.0 99.3344
73496.0 99.3344
73509.0 99.3344
73521.0 84.6875
73543.0 84.6875
73550.0 84.6875
73567.0 84.6875
73590.0 84.6875
73602.0 84.6875
73614.0 84.6875
73635.0 84.6875
73645.0 84.6875
73657.0 84.6875
73676.0 84.6875
73691.0 84.6875
73699.0 84.6875
73720.0 84.6875
73728.0 84.6875
73745.0 84.6875
73763.0 84.6875
73778.0 84.6875
73785.0 69.8891
73807.0 69.8891
73812.0 69.8891
73824.0 69.8891
73835.0 69.8891
73860.0 69.8891
73866.0 69.8891
73883.0 69.8891
73901.0 69.8891
73909.0 69.8891
73923.0 69.8891
73933.0 69.8891
73945.0 69.8891
73961.0 69.8891
73971.0 69.8891
73975.0 69.8891
74000.0 69.8891
74013.0 69.8891
74028.0 69.8891
74031.0 69.8891
74040.0 69.8891
74054.0 69.8891
74065.0 54.87
74076.0 54.87
74090.0 54.87
74101.0 54.87
74116.0 54.87
74122.0 54.87
74137.0 54.87
74152.0 54.87
