4.31 0.06
4.31 0.17
4.34 1.02
4.31 0.23
4.32 0.17
4.32 0.21
4.32 0.23
4.32 0.26
4.32 0.21
4.32 0.15
4.32 0.07
4.32 0.09
4.32 0.1
4.32 0.16
4.32 0.13
4.32 0.14
4.32 0.21
4.32 0.11
4.31 0.14
4.32 0.02
4.32 0.02
4.32 0.16
4.32 0.18
4.31 0.01
4.31 0.41
4.31 0.19
4.31 0.0
4.31 0.0
4.31 0.02
4.31 0.01
4.31 0.17
4.31 0.11
4.32 0.09
4.32 0.13
4.31 0.07
4.32 0.16
4.33 0.07
4.32 0.04
4.32 0.03
4.32 0.02
4.32 0.12
4.32 0.02
4.32 0.36
4.32 0.0
4.32 0.11
4.31 0.06
4.32 0.06
4.32 0.0
4.32 0.0
4.32 0.0
4.32 0.0
4.32 0.0
4.32 0.0
4.32 0.0
4.32 0.0
4.31 0.0
4.31 0.0
4.32 0.0
4.32 0.0
4.32 0.0
4.32 0.0
4.32 0.0
4.31 0.0
4.31 0.0
4.32 0.0
4.32 0.0
4.31 0.0
4.31 0.0
4.31 0.0
4.31 0.0
4.32 0.0
4.32 0.0
4.31 0.0
4.32 0.0
4.32 0.0
4.31 0.0
4.31 0.0
4.31 0.0
4.31 0.0
4.31 0.0
4.32 0.0
4.32 0.0
4.32 0.0
4.31 0.0
4.31 0.0
4.31 0.0
4.32 0.0
4.31 0.0
4.31 0.0
4.31 0.0
4.32 0.0
4.32 0.0
4.32 0.0
4.32 0.0
4.32 0.0
4.32 0.0
4.32 0.0
4.32 0.0
4.32 0.0
4.32 0.0
4.32 0.0
4.32 0.0
4.32 0.0
4.31 0.0
4.32 0.0
4.32 0.0
4.31 0.0
4.32 0.0
4.31 0.0
4.31 0.0
4.32 0.0
4.32 0.0
4.32 0.0
4.32 0.0
4.31 0.0
4.38 0.0
4.31 0.0
4.31 0.0
4.32 0.0
4.32 0.0
4.31 0.0
4.31 0.0
4.32 0.0
4.31 0.0
4.31 0.0
4.32 0.0
4.32 0.0
4.32 0.0
4.32 0.0
4.32 0.0
4.32 0.0
4.32 0.0
4.32 0.0
4.32 0.0
4.32 0.0
4.32 0.0
4.32 0.0
4.33 0.0
4.32 0.0
4.32 0.0
4.32 0.0
4.32 0.0
4.32 0.0
4.32 0.0
4.32 0.0
4.32 0.0
4.32 0.0
4.32 0.0
4.36 0.0
4.32 0.0
4.34 0.0
4.32 0.0
4.32 0.0
4.35 0.0
4.32 0.0
4.31 0.0
4.32 0.0
4.32 0.0
4.32 0.0
4.32 0.0
4.32 0.0
4.32 0.0
4.32 0.0
4.32 0.0
4.32 0.0
4.32 0.0
4.32 0.0
4.32 0.0
4.32 0.0
4.32 0.0
4.32 0.0
4.31 0.0
4.32 0.0
4.32 0.0
4.32 0.0
4.32 0.0
4.32 0.0
4.32 0.0
4.32 0.0
4.32 0.0
4.32 0.0
4.32 0.0
4.31 0.0
4.32 0.0
4.32 0.0
4.32 0.0
4.32 0.0
4.32 0.0
4.32 0.0
4.31 0.0
4.32 0.0
4.32 0.0
4.32 0.0
4.32 0.0
4.31 0.0
4.31 0.0
4.32 0.0
4.32 0.0
4.32 0.0
4.32 0.0
4.32 0.0
4.32 0.0
4.32 0.0
4.32 0.0
4.32 0.0
4.32 0.0
4.32 0.0
4.32 0.0
4.32 0.0
4.32 0.0
4.32 0.0
4.32 0.0
4.32 0.0
4.32 0.0
4.32 0.0
4.31 0.0
4.34 0.0
4.31 0.0
4.31 0.0
4.32 0.0
4.32 0.0
4.31 0.0
4.31 0.0
4.31 0.0
4.33 0.0
4.32 0.0
4.32 0.0
4.31 0.0
4.32 0.0
4.32 0.0
4.34 0.0
4.32 0.0
4.32 0.0
4.32 0.0
4.32 0.0
4.32 0.0
4.32 0.0
4.32 0.0
4.31 0.0
4.32 0.0
4.32 0.0
4.32 0.0
4.32 0.0
4.32 0.0
4.35 0.0
4.32 0.0
4.32 0.0
4.31 0.0
4.31 0.0
4.32 0.0
4.31 0.0
4.31 0.0
4.32 0.0
4.31 0.0
4.32 0.0
4.31 0.0
4.31 0.0
4.32 0.0
4.32 0.0
4.32 0.0
4.31 0.0
4.32 0.0
4.32 0.0
4.32 0.0
4.33 0.0
4.32 0.0
4.32 0.0
4.32 0.0
4.32 0.0
4.32 0.0
4.32 0.0
4.32 0.0
4.31 0.0
4.32 0.0
4.32 0.0
4.32 0.0
4.32 0.0
4.32 0.0
4.32 0.0
4.31 0.0
4.32 0.0
4.32 0.0
4.31 0.0
4.32 0.0
4.32 0.0
4.31 0.0
4.32 0.0
4.31 0.0
4.31 0.0
4.31 0.0
4.32 0.0
4.31 0.0
4.31 0.0
4.32 0.0
4.31 0.0
4.32 0.0
4.32 0.0
4.32 0.0
4.32 0.0
4.32 0.0
4.32 0.0
4.32 0.0
4.32 0.0
4.32 0.0
4.32 0.0
4.31 0.0
4.32 0.0
4.32 0.0
4.32 0.0
4.32 0.0
4.32 0.0
4.31 0.0
4.32 0.0
4.32 0.0
4.31 0.0
4.31 0.0
4.32 0.0
4.32 0.0
4.31 0.0
4.31 0.0
4.31 0.0
4.31 0.0
4.32 0.0
4.32 0.0
4.32 0.0
4.31 0.0
4.32 0.0
4.32 0.0
4.32 0.0
4.33 0.0
4.32 0.0
4.32 0.0
4.31 0.0
4.32 0.0
4.32 0.0
4.32 0.0
4.32 0.0
4.32 0.0
4.32 0.0
4.32 0.0
4.32 0.0
4.32 0.0
4.32 0.0
4.32 0.0
4.32 0.0
4.32 0.0
4.32 0.0
4.32 0.0
4.32 0.0
4.32 0.0
4.32 0.0
4.32 0.0
4.32 0.0
4.32 0.0
4.32 0.0
4.32 0.0
4.32 0.0
4.32 0.0
4.31 0.0
4.32 0.0
4.32 0.0
4.32 0.0
4.32 0.0
4.32 0.0
4.32 0.0
4.32 0.0
4.32 0.0
4.32 0.0
4.32 0.0
4.32 0.0
4.32 0.0
4.31 0.0
4.32 0.0
4.31 0.0
4.31 0.0
4.31 0.0
4.31 0.0
4.31 0.0
4.32 0.0
4.31 0.0
4.32 0.0
4.32 0.0
4.31 0.0
4.31 0.0
4.32 0.0
4.31 0.0
4.32 0.0
4.31 0.0
4.32 0.0
4.31 0.0
4.31 0.0
4.32 0.0
4.32 0.0
4.32 0.0
4.32 0.0
4.32 0.0
4.32 0.0
4.31 0.0
4.31 0.0
4.31 0.0
4.31 0.0
4.32 0.0
4.32 0.0
4.31 0.0
4.32 0.0
4.32 0.0
4.32 0.0
4.32 0.0
4.32 0.0
4.32 0.0
4.31 0.0
4.32 0.0
4.32 0.0
4.32 0.0
4.32 0.0
4.32 0.0
4.32 0.0
4.32 0.0
4.32 0.0
4.32 0.0
4.32 0.0
4.32 0.0
4.32 0.0
4.32 0.0
4.32 0.0
4.32 0.0
4.31 0.0
4.32 0.0
4.31 0.0
4.32 0.0
4.32 0.0
4.32 0.0
4.32 0.0
4.32 0.0
4.32 0.0
4.32 0.0
4.32 0.0
4.32 0.0
4.32 0.0
4.32 0.0
4.32 0.0
4.32 0.0
4.32 0.0
4.32 0.0
4.32 0.0
4.32 0.0
4.32 0.0
4.32 0.0
4.32 0.0
4.32 0.0
4.32 0.0
4.32 0.0
4.32 0.0
4.32 0.0
4.32 0.0
4.32 0.0
4.32 0.0
4.32 0.0
4.33 0.0
4.32 0.0
4.31 0.0
4.32 0.0
4.32 0.0
4.32 0.0
4.32 0.0
4.32 0.0
4.32 0.0
4.32 0.0
4.31 0.0
4.31 0.0
4.32 0.0
4.32 0.0
4.31 0.0
4.32 0.0
4.32 0.0
4.31 0.0
4.32 0.0
4.32 0.0
4.32 0.0
4.34 0.0
4.32 0.01
4.32 0.0
4.32 0.0
4.32 0.0
4.32 0.0
4.32 0.0
4.32 0.0
4.32 0.0
4.32 0.0
4.32 0.0
4.31 0.0
4.32 0.0
4.32 0.0
4.31 0.0
4.32 0.0
4.32 0.0
4.32 0.0
4.32 0.0
4.32 0.0
4.32 0.0
4.32 0.0
4.31 0.0
4.31 0.0
4.32 0.0
4.32 0.0
4.32 0.0
4.32 0.0
4.31 0.0
4.32 0.0
4.32 0.0
4.32 0.0
4.32 0.0
4.32 0.0
4.32 0.0
4.32 0.0
4.32 0.0
4.32 0.0
4.32 0.0
4.32 0.0
4.32 0.0
4.32 0.0
4.31 0.0
4.32 0.0
4.32 0.0
4.32 0.0
4.32 0.0
4.32 0.0
4.32 0.0
4.32 0.0
4.32 0.0
4.32 0.0
4.32 0.0
4.32 0.0
4.32 0.0
4.32 0.0
4.32 0.0
4.32 0.0
4.32 0.0
4.32 0.0
4.32 0.0
4.32 0.0
4.32 0.0
4.32 0.0
4.32 0.0
4.32 0.0
4.32 0.0
4.32 0.0
4.32 0.0
4.31 0.0
4.31 0.0
4.32 0.0
4.32 0.0
4.31 0.0
4.32 0.0
4.32 0.0
4.32 0.0
4.32 0.0
4.32 0.0
4.32 0.0
4.32 0.0
4.32 0.0
4.31 0.0
4.32 0.0
4.32 0.0
4.33 0.0
4.32 0.0
4.32 0.0
4.32 0.0
4.32 0.0
4.32 0.0
4.32 0.0
4.32 0.0
4.32 0.0
4.32 0.0
4.32 0.0
4.32 0.0
4.32 0.0
4.32 0.0
4.32 0.0
4.32 0.0
4.32 0.0
4.32 0.0
4.32 0.0
4.32 0.0
4.35 0.0
4.32 0.0
4.32 0.0
4.32 0.0
4.31 0.0
4.32 0.0
4.32 0.0
4.32 0.0
4.31 0.0
4.32 0.0
4.32 0.0
4.32 0.0
4.32 0.0
4.32 0.0
4.32 0.0
4.32 0.0
4.32 0.0
4.31 0.0
4.32 0.0
4.32 0.0
4.32 0.0
4.32 0.0
4.32 0.0
4.32 0.0
4.32 0.0
4.32 0.0
4.32 0.0
4.32 0.0
4.32 0.0
4.32 0.0
4.32 0.0
4.32 2.9
2.18 1.81
1.71 1.1
1.54 1.06
1.54 1.04
0.0 0.0
1.38 1.49
1.52 1.6
1.53 1.59
1.49 1.55
1.45 1.5
1.41 1.46
1.38 1.42
1.35 1.38
1.32 1.35
1.29 1.31
1.28 1.28
1.27 1.27
1.26 1.26
1.25 1.25
1.25 1.25
1.25 1.25
1.25 1.25
1.25 1.25
1.25 1.25
1.25 1.25
1.25 1.25
1.25 1.25
1.25 1.25
1.25 1.26
1.25 1.26
1.25 1.26
1.25 1.26
1.25 1.26
1.25 1.25
1.24 1.24
1.25 1.25
1.24 1.24
1.24 1.24
1.24 1.24
1.25 1.25
1.28 1.28
1.31 1.31
1.35 1.36
1.4 1.41
1.48 1.49
1.61 1.64
1.7 1.75
1.71 1.77
1.71 1.78
1.78 1.85
1.83 1.9
2.06 2.18
1.86 1.94
1.83 1.9
1.87 1.95
1.85 1.92
1.84 1.92
1.84 1.92
1.84 1.91
1.83 1.91
1.84 1.91
1.83 1.91
1.83 1.91
1.83 1.91
1.84 1.91
1.83 1.91
1.83 1.9
1.83 1.91
1.82 1.9
1.82 1.9
1.82 1.89
1.81 1.89
1.81 1.89
1.81 1.88
1.81 1.88
1.81 1.89
1.81 1.89
1.68 1.73
